0 0.001213 0.481770 0.004349 0.008683
0 0.001250 0.313716 0.005513 0.009191
0 0.001861 0.683561 0.005347 0.008965
0 0.006894 0.293013 0.006355 0.010117
0 0.007172 0.583923 0.004030 0.007781
0 0.007483 0.495175 0.003944 0.007886
0 0.007528 0.068664 0.020741 0.008879
0 0.008008 0.344231 0.005634 0.009945
0 0.008123 0.352451 0.004233 0.007572
0 0.009381 0.760114 0.006186 0.008466
0 0.010869 0.358081 0.004881 0.008808
0 0.011124 0.795261 0.006495 0.007791
0 0.011394 0.569156 0.004531 0.008849
0 0.012013 0.512613 0.004472 0.008937
0 0.013644 0.723458 0.006766 0.010332
0 0.013936 0.634407 0.005377 0.009810
0 0.014132 0.852833 0.010267 0.009159
0 0.014933 0.325776 0.005015 0.008564
0 0.015623 0.587770 0.004731 0.009105
0 0.016337 0.277984 0.004949 0.007587
0 0.016684 0.341669 0.005083 0.008934
0 0.016745 0.123872 0.011042 0.008379
0 0.017486 0.599394 0.004062 0.007732
0 0.018801 0.310356 0.004609 0.007630
0 0.019855 0.843134 0.009631 0.009112
0 0.021631 0.555817 0.005156 0.010153
0 0.021659 0.601978 0.004261 0.008088
0 0.022348 0.185606 0.008410 0.009262
0 0.022708 0.694193 0.004571 0.007494
0 0.023245 0.485556 0.004470 0.008930
0 0.023388 0.612497 0.004200 0.007881
0 0.024097 0.489594 0.004483 0.008962
0 0.024212 0.145047 0.009427 0.008298
0 0.024351 0.453237 0.004450 0.008805
0 0.024647 0.546887 0.004749 0.009396
0 0.024703 0.293114 0.004986 0.007939
0 0.025407 0.587382 0.004958 0.009545
0 0.025447 0.221531 0.005730 0.007347
0 0.027163 0.857354 0.010364 0.008981
0 0.029878 0.450723 0.005157 0.010190
0 0.030939 0.578379 0.003887 0.007540
0 0.031039 0.623889 0.004219 0.007807
0 0.031436 0.599506 0.003931 0.007480
0 0.031450 0.286935 0.006255 0.009811
0 0.031452 0.294640 0.004927 0.007873
0 0.032809 0.832411 0.009338 0.009385
0 0.034404 0.609308 0.004010 0.007551
0 0.034986 0.491722 0.003865 0.007728
0 0.036587 0.819639 0.009090 0.009758
0 0.037273 0.229278 0.005868 0.007741
0 0.037614 0.604592 0.004722 0.008939
0 0.037642 0.397035 0.005149 0.009764
0 0.038384 0.304204 0.005879 0.009603
0 0.039701 0.435078 0.004553 0.008917
0 0.039764 0.939969 0.019902 0.007462
0 0.039876 0.468076 0.004701 0.009354
0 0.041389 0.557774 0.004621 0.009090
0 0.041961 0.221607 0.007552 0.009686
0 0.042311 0.604061 0.004768 0.009032
0 0.042533 0.640548 0.005274 0.009537
0 0.044381 0.635807 0.004538 0.008263
0 0.044794 0.318568 0.005656 0.009524
0 0.044863 0.329759 0.005150 0.008861
0 0.045140 0.443989 0.003843 0.007567
0 0.045453 0.270635 0.006702 0.010072
0 0.046139 0.927876 0.022254 0.009999
0 0.046767 0.174062 0.008977 0.009336
0 0.047663 0.463199 0.003744 0.007437
0 0.048147 0.307816 0.004986 0.008209
0 0.048820 0.629385 0.004314 0.007925
0 0.049514 0.472165 0.005177 0.010314
0 0.051000 0.876786 0.011116 0.008393
0 0.051484 0.633721 0.004703 0.008588
0 0.051966 0.987056 0.049666 0.009933
0 0.053944 0.227225 0.006141 0.008042
0 0.056038 0.317982 0.004659 0.007836
0 0.056143 0.250760 0.005829 0.008263
0 0.056937 0.469977 0.004075 0.008113
0 0.057771 0.328118 0.004315 0.007402
0 0.058039 0.354841 0.004422 0.007940
0 0.060814 0.667581 0.005958 0.010302
0 0.060894 0.611242 0.004753 0.008930
0 0.062881 0.448184 0.004024 0.007941
0 0.063546 0.662073 0.005508 0.009618
0 0.064418 0.290222 0.005393 0.008528
0 0.065745 0.808891 0.007639 0.008631
0 0.065873 0.313804 0.004819 0.008036
0 0.066119 0.286449 0.005875 0.009203
0 0.066221 0.684324 0.006053 0.010132
0 0.066770 0.303468 0.004556 0.007430
0 0.066839 0.651399 0.004495 0.007993
0 0.066992 0.206757 0.006831 0.008263
0 0.067898 0.251308 0.005376 0.007634
0 0.068970 0.449752 0.005159 0.010189
0 0.070565 0.716961 0.006026 0.009359
0 0.071719 0.385444 0.004512 0.008446
0 0.071961 0.218110 0.008152 0.010318
0 0.073284 0.424267 0.004679 0.009094
0 0.074732 0.411668 0.004710 0.009059
0 0.074739 0.307523 0.005455 0.008975
0 0.075821 0.251102 0.005881 0.008346
0 0.076450 0.575283 0.005201 0.010113
0 0.077572 0.441159 0.004115 0.008090
0 0.077591 0.463731 0.004122 0.008190
0 0.077938 0.583854 0.004873 0.009409
0 0.078110 0.796244 0.008245 0.009850
0 0.078354 0.356504 0.005324 0.009583
0 0.078456 0.284274 0.005151 0.008025
0 0.078434 0.275875 0.005773 0.008801
0 0.079950 0.643956 0.004579 0.008237
0 0.079976 0.348573 0.004812 0.008556
0 0.080431 0.187969 0.007596 0.008458
0 0.080742 0.205571 0.007168 0.008628
0 0.081535 0.312636 0.005028 0.008364
0 0.082056 0.357776 0.004714 0.008502
0 0.082556 0.106520 0.011392 0.007483
0 0.083133 0.334271 0.005723 0.009930
0 0.084227 0.673952 0.004300 0.007347
0 0.084588 0.531230 0.004719 0.009392
0 0.084606 0.278667 0.005440 0.008355
0 0.085111 0.940262 0.021978 0.008201
0 0.086496 0.542276 0.004904 0.009722
0 0.087886 0.607504 0.005197 0.009808
0 0.088171 0.716939 0.005640 0.008761
0 0.088296 0.695267 0.004997 0.008172
0 0.088714 0.139636 0.009374 0.007963
0 0.089298 0.325667 0.005255 0.008972
0 0.089827 0.449906 0.004778 0.009437
0 0.090480 0.338198 0.004417 0.007718
0 0.090879 0.620443 0.005087 0.009455
0 0.091027 0.828888 0.007307 0.007483
0 0.091048 0.554374 0.005020 0.009894
0 0.091202 0.527848 0.004877 0.009717
0 0.092244 0.596716 0.005052 0.009642
0 0.092444 0.043241 0.029079 0.007876
0 0.095934 0.776989 0.007221 0.009310
0 0.096857 0.243568 0.007162 0.009922
0 0.097269 0.490594 0.004037 0.008071
0 0.097472 0.084611 0.016342 0.008586
0 0.097607 0.800331 0.008012 0.009405
0 0.098390 0.494996 0.003921 0.007841
0 0.099713 0.571163 0.003953 0.007709
0 0.099841 0.863524 0.009132 0.007593
0 0.099953 0.417104 0.003897 0.007530
0 0.100674 0.485482 0.004358 0.008708
0 0.100799 0.373847 0.004599 0.008485
0 0.101167 0.445443 0.004759 0.009379
0 0.101283 0.523121 0.003837 0.007654
0 0.101528 0.598979 0.004534 0.008632
0 0.101645 0.282232 0.004836 0.007496
0 0.102014 0.729662 0.005036 0.007562
0 0.102092 0.156975 0.008440 0.007991
0 0.103517 0.581394 0.004171 0.008071
0 0.104830 0.789201 0.007797 0.009588
0 0.106759 0.501977 0.004550 0.009101
0 0.107192 0.623388 0.004980 0.009222
0 0.108172 0.525971 0.004115 0.008202
0 0.108296 0.629642 0.004409 0.008098
0 0.108990 0.481122 0.004404 0.008792
0 0.109291 0.314558 0.004461 0.007450
0 0.109472 0.893429 0.011683 0.007678
0 0.110199 0.680258 0.005917 0.009987
0 0.110712 0.825403 0.009539 0.009948
0 0.111333 0.771619 0.006705 0.008817
0 0.111463 0.671657 0.005313 0.009118
0 0.112144 0.627535 0.004418 0.008137
0 0.112428 0.599552 0.005259 0.010008
0 0.112493 0.332431 0.005711 0.009875
0 0.113281 0.320187 0.005963 0.010074
0 0.114159 0.555419 0.004641 0.009142
0 0.114768 0.250098 0.005918 0.008372
0 0.116619 0.263818 0.005569 0.008210
0 0.118219 0.717163 0.004885 0.007583
0 0.120144 0.350068 0.005143 0.009165
0 0.121087 0.392343 0.005079 0.009583
0 0.121844 0.292410 0.005201 0.008268
0 0.122056 0.960819 0.035960 0.008830
0 0.122505 0.226518 0.007512 0.009811
0 0.122889 0.128627 0.009744 0.007662
0 0.124042 0.263138 0.006506 0.009572
0 0.124444 0.105293 0.014908 0.009684
0 0.124601 0.317615 0.004684 0.007872
0 0.124694 0.872307 0.009407 0.007347
0 0.126972 0.085189 0.017797 0.009413
0 0.127158 0.471632 0.003699 0.007369
0 0.127778 0.125760 0.009874 0.007600
0 0.129371 0.497426 0.004259 0.008518
0 0.130518 0.638050 0.005670 0.010290
0 0.131639 0.647693 0.005608 0.010031
0 0.131949 0.186684 0.006661 0.007373
0 0.133447 0.590218 0.004804 0.009226
0 0.133751 0.599795 0.004698 0.008938
0 0.134012 0.180986 0.008225 0.008857
0 0.134093 0.632724 0.004159 0.007606
0 0.134104 0.282816 0.005509 0.008552
0 0.134219 0.370375 0.004177 0.007672
0 0.135091 0.890614 0.014140 0.009528
0 0.136926 0.774406 0.005769 0.007509
0 0.137097 0.568377 0.004530 0.008852
0 0.138414 0.795361 0.006330 0.007590
0 0.139750 0.250356 0.005888 0.008337
0 0.141887 0.344141 0.005320 0.009390
0 0.143592 0.858322 0.011693 0.010068
0 0.144388 0.673897 0.005206 0.008897
0 0.145410 0.374954 0.004571 0.008446
0 0.146837 0.602952 0.004391 0.008327
0 0.147333 0.118508 0.010923 0.007947
0 0.147854 0.762116 0.006246 0.008490
0 0.147916 0.160090 0.008084 0.007793
0 0.149183 0.164522 0.009129 0.009022
0 0.149370 0.481008 0.004259 0.008502
0 0.150426 0.632147 0.005590 0.010230
0 0.151388 0.375313 0.005478 0.010126
0 0.151995 0.263844 0.005168 0.007620
0 0.153121 0.268633 0.006768 0.010115
0 0.153387 0.837594 0.009878 0.009648
0 0.156007 0.221830 0.006098 0.007828
0 0.158626 0.807221 0.008843 0.010068
0 0.158819 0.302477 0.005283 0.008596
0 0.158994 0.561993 0.003906 0.007665
0 0.161158 0.398368 0.004245 0.008060
0 0.161389 0.133786 0.010096 0.008239
0 0.162447 0.799513 0.006784 0.007992
0 0.162648 0.840971 0.009335 0.008944
0 0.163188 0.817462 0.007430 0.008062
0 0.163250 0.431647 0.004099 0.008009
0 0.165064 0.616933 0.004811 0.008980
0 0.165137 0.356608 0.004244 0.007642
0 0.165262 0.417787 0.005028 0.009722
0 0.165328 0.499392 0.004976 0.009952
0 0.165608 0.641519 0.004808 0.008682
0 0.165988 0.859962 0.009742 0.008298
0 0.166056 0.239603 0.005828 0.007969
0 0.166218 0.258122 0.005085 0.007373
0 0.167967 0.527096 0.005009 0.009981
0 0.168005 0.307097 0.004929 0.008102
0 0.168056 0.125657 0.011450 0.008807
0 0.168436 0.759627 0.005618 0.007702
0 0.169792 0.318147 0.004723 0.007945
0 0.169794 0.742194 0.006224 0.009015
0 0.171356 0.148514 0.009265 0.008336
0 0.172306 0.075852 0.016701 0.007884
0 0.172357 0.525738 0.004971 0.009909
0 0.174518 0.517512 0.005061 0.010107
0 0.176715 0.238321 0.006752 0.009192
0 0.176753 0.325093 0.004535 0.007735
0 0.178855 0.618496 0.004546 0.008469
0 0.179185 0.372324 0.004494 0.008274
0 0.180069 0.237959 0.006913 0.009400
0 0.180164 0.691038 0.004717 0.007785
0 0.180801 0.484472 0.003894 0.007778
0 0.182468 0.380879 0.004159 0.007741
0 0.182556 0.099073 0.013954 0.008547
0 0.185801 0.232358 0.007526 0.010037
0 0.186646 0.275025 0.005843 0.008887
0 0.187718 0.819921 0.009630 0.010324
0 0.190028 0.055136 0.029461 0.010155
0 0.191019 0.329214 0.004403 0.007569
0 0.194027 0.345783 0.005203 0.009209
0 0.195083 0.043484 0.038024 0.010356
0 0.195914 0.386783 0.005087 0.009536
0 0.196897 0.333059 0.004397 0.007611
0 0.196970 0.491074 0.004620 0.009236
0 0.198639 0.026427 0.043059 0.008612
0 0.200362 0.270640 0.006868 0.010321
0 0.201267 0.834652 0.008758 0.008695
0 0.202447 0.786042 0.008158 0.010160
0 0.203722 0.931624 0.021597 0.009207
0 0.204611 0.430498 0.003814 0.007447
0 0.206857 0.792029 0.008163 0.009924
0 0.207111 0.128956 0.010413 0.008208
0 0.208304 0.749949 0.005591 0.007908
0 0.208517 0.399027 0.004260 0.008095
0 0.208900 0.448932 0.005229 0.010324
0 0.210718 0.310089 0.005468 0.009046
0 0.211113 0.420804 0.004846 0.009395
0 0.212261 0.428340 0.004699 0.009162
0 0.213923 0.640484 0.004687 0.008476
0 0.214455 0.283934 0.005064 0.007883
0 0.215296 0.175304 0.009704 0.010157
0 0.217776 0.524853 0.004682 0.009335
0 0.218204 0.340479 0.005864 0.010286
0 0.218271 0.418252 0.004671 0.009036
0 0.219387 0.430734 0.003918 0.007651
0 0.220196 0.518049 0.004869 0.009722
0 0.220754 0.324051 0.005692 0.009688
0 0.223254 0.191800 0.008681 0.009840
0 0.224898 0.377614 0.005415 0.010040
0 0.224976 0.806959 0.006654 0.007586
0 0.225854 0.404811 0.004564 0.008724
0 0.226348 0.212547 0.008028 0.009942
0 0.231701 0.449916 0.003936 0.007775
0 0.232114 0.758382 0.006197 0.008530
0 0.232888 0.424715 0.005142 0.009998
0 0.233066 0.364988 0.004124 0.007517
0 0.233812 0.401744 0.004089 0.007792
0 0.236546 0.521260 0.003702 0.007387
0 0.237725 0.110441 0.011286 0.007676
0 0.243572 0.356114 0.004601 0.008277
0 0.244315 0.174439 0.008363 0.008714
0 0.244796 0.391838 0.004260 0.008033
0 0.245147 0.440282 0.003735 0.007338
0 0.246168 0.230886 0.005605 0.007436
0 0.246351 0.840294 0.010260 0.009869
0 0.247248 0.223142 0.005690 0.007340
0 0.247475 0.368845 0.004646 0.008515
0 0.248038 0.137159 0.009485 0.007924
0 0.249181 0.508601 0.003697 0.007391
0 0.250443 0.363993 0.005002 0.009104
0 0.250911 0.596735 0.003958 0.007553
0 0.251541 0.158364 0.010762 0.010272
0 0.253081 0.369087 0.005044 0.009246
0 0.254746 0.407378 0.004756 0.009112
0 0.255336 0.344929 0.004790 0.008466
0 0.255781 0.208923 0.007731 0.009436
0 0.255973 0.199824 0.007380 0.008669
0 0.256362 0.317989 0.004584 0.007710
0 0.257411 0.073171 0.018537 0.008448
0 0.258828 0.834999 0.010056 0.009964
0 0.259618 0.687567 0.005974 0.009934
0 0.260787 0.468034 0.004051 0.008062
0 0.261198 0.388997 0.004153 0.007807
0 0.261656 0.348147 0.004219 0.007496
0 0.261853 0.313696 0.004614 0.007691
0 0.262594 0.269897 0.006820 0.010229
0 0.262974 0.682516 0.004923 0.008272
0 0.263229 0.397042 0.004651 0.008820
0 0.263293 0.691356 0.005202 0.008579
0 0.263613 0.352623 0.005676 0.010157
0 0.263894 0.436089 0.004560 0.008937
0 0.264301 0.115039 0.011307 0.007996
0 0.266424 0.367918 0.004442 0.008130
0 0.266807 0.236949 0.005724 0.007756
0 0.271871 0.403118 0.004490 0.008566
0 0.273161 0.475430 0.004058 0.008091
0 0.275155 0.653817 0.004554 0.008065
0 0.275765 0.423018 0.005235 0.010166
0 0.276142 0.219265 0.006446 0.008194
0 0.276425 0.147321 0.011005 0.009827
0 0.276434 0.158086 0.009515 0.009068
0 0.276644 0.272889 0.006212 0.009393
0 0.277084 0.179459 0.007345 0.007851
0 0.278303 0.666402 0.004277 0.007412
0 0.279700 0.310437 0.004771 0.007900
0 0.279899 0.445999 0.004907 0.009673
0 0.281508 0.111036 0.014137 0.009664
0 0.281578 0.135277 0.010257 0.008458
0 0.282112 0.625896 0.004650 0.008583
0 0.282714 0.471555 0.004164 0.008294
0 0.284114 0.455062 0.003725 0.007375
0 0.288804 0.733689 0.005808 0.008624
0 0.289250 0.205112 0.007137 0.008575
0 0.289646 0.280799 0.005632 0.008698
0 0.290618 0.340565 0.004884 0.008569
0 0.295482 0.173228 0.007599 0.007868
0 0.296912 0.765894 0.005874 0.007883
0 0.297924 0.407743 0.004740 0.009085
0 0.298147 0.045021 0.031825 0.008972
0 0.298461 0.426263 0.004320 0.008410
0 0.299404 0.611733 0.005320 0.009991
0 0.302261 0.493209 0.004420 0.008837
0 0.302935 0.580532 0.003888 0.007528
0 0.302995 0.639617 0.005693 0.010309
0 0.304864 0.106289 0.015346 0.010059
0 0.306564 0.565241 0.004307 0.008435
0 0.312100 0.938453 0.023956 0.009207
0 0.314024 0.592684 0.004440 0.008506
0 0.314805 0.382805 0.004207 0.007849
0 0.318739 0.107164 0.013374 0.008836
0 0.319412 0.616896 0.004552 0.008497
0 0.322926 0.684094 0.005596 0.009372
0 0.325015 0.606677 0.004304 0.008130
0 0.326047 0.535382 0.004212 0.008372
0 0.328564 0.671853 0.005227 0.008966
0 0.328991 0.645204 0.005475 0.009831
0 0.329198 0.529244 0.004749 0.009458
0 0.329283 0.570341 0.004588 0.008952
0 0.330336 0.929758 0.022441 0.009824
0 0.331944 0.569186 0.003784 0.007391
0 0.332520 0.669102 0.004267 0.007357
0 0.333388 0.521781 0.003950 0.007881
0 0.334121 0.823302 0.008456 0.008913
0 0.334128 0.884903 0.011094 0.007849
0 0.335597 0.718492 0.005774 0.008933
0 0.335643 0.703270 0.004647 0.007462
0 0.335902 0.577616 0.004870 0.009452
0 0.336059 0.651444 0.004447 0.007906
0 0.336111 0.662464 0.004923 0.008590
0 0.336126 0.630560 0.004008 0.007351
0 0.337953 0.087291 0.016904 0.009155
0 0.339493 0.695593 0.004754 0.007769
0 0.339919 0.894194 0.011598 0.007569
0 0.341465 0.952761 0.025296 0.007481
0 0.341670 0.687600 0.005535 0.009202
0 0.344111 0.722217 0.005782 0.008858
0 0.345489 0.479299 0.004053 0.008088
0 0.345728 0.940348 0.020150 0.007508
0 0.347269 0.708122 0.005249 0.008333
0 0.350649 0.636297 0.005190 0.009443
0 0.352663 0.668094 0.005577 0.009635
0 0.353428 0.367251 0.005212 0.009531
0 0.353449 0.783197 0.006271 0.007897
0 0.353849 0.688241 0.005917 0.009825
0 0.354883 0.921778 0.018510 0.009006
0 0.355484 0.564180 0.003931 0.007703
0 0.356046 0.336954 0.005075 0.008848
0 0.357119 0.863760 0.012019 0.009978
0 0.357134 0.711282 0.004988 0.007858
0 0.358071 0.526237 0.003976 0.007925
0 0.359154 0.165116 0.007567 0.007503
0 0.360444 0.577072 0.004225 0.008203
0 0.363143 0.807762 0.007663 0.008704
0 0.367060 0.611043 0.004056 0.007623
0 0.370809 0.705679 0.005164 0.008246
0 0.372969 0.084947 0.014510 0.007653
0 0.377508 0.358516 0.004682 0.008453
0 0.379123 0.269106 0.005040 0.007542
0 0.386386 0.453093 0.005139 0.010166
0 0.386683 0.956617 0.029501 0.008017
0 0.386834 0.670341 0.004532 0.007798
0 0.387897 0.090274 0.016975 0.009500
0 0.389101 0.289001 0.005253 0.008280
0 0.389906 0.745914 0.005981 0.008566
0 0.395314 0.904277 0.016031 0.009497
0 0.395449 0.553539 0.004868 0.009599
0 0.395766 0.668994 0.004717 0.008135
0 0.397680 0.814482 0.006964 0.007666
0 0.398769 0.763933 0.006963 0.009407
0 0.399406 0.917437 0.018771 0.009629
0 0.401659 0.717869 0.005527 0.008564
0 0.402392 0.787079 0.006891 0.008547
0 0.405583 0.724058 0.006610 0.010078
0 0.405774 0.813692 0.007869 0.008694
0 0.407911 0.884767 0.012573 0.008906
0 0.408776 0.728365 0.004940 0.007445
0 0.410254 0.775364 0.007646 0.009918
0 0.413796 0.609779 0.004727 0.008897
0 0.415911 0.050467 0.027701 0.008747
0 0.416678 0.821307 0.009077 0.009664
0 0.421625 0.870124 0.010124 0.008034
0 0.422561 0.655731 0.004470 0.007891
0 0.423368 0.156498 0.007850 0.007412
0 0.425361 0.782651 0.006671 0.008419
0 0.427436 0.761766 0.006337 0.008625
0 0.427437 0.662536 0.005379 0.009385
0 0.433649 0.599362 0.004342 0.008264
0 0.436381 0.482007 0.003944 0.007875
0 0.436536 0.130297 0.011541 0.009187
0 0.437311 0.646358 0.004455 0.007985
0 0.437973 0.801237 0.008630 0.010091
0 0.441280 0.684894 0.004426 0.007401
0 0.442293 0.794352 0.007065 0.008507
0 0.442606 0.367564 0.005664 0.010361
0 0.444336 0.096951 0.014133 0.008477
0 0.447700 0.090463 0.013102 0.007347
0 0.449744 0.920768 0.015178 0.007478
0 0.451181 0.590648 0.004882 0.009371
0 0.451936 0.952788 0.026288 0.007769
0 0.454269 0.663581 0.004554 0.007931
0 0.456211 0.543944 0.004248 0.008415
0 0.457498 0.704606 0.006102 0.009768
0 0.459283 0.091588 0.013899 0.007889
0 0.459721 0.722785 0.004969 0.007602
0 0.459773 0.765835 0.006788 0.009111
0 0.460492 0.734752 0.005202 0.007700
0 0.460722 0.710751 0.004752 0.007495
0 0.464805 0.700279 0.006100 0.009863
0 0.465765 0.839962 0.008990 0.008664
0 0.467291 0.804660 0.006919 0.007969
0 0.468518 0.419544 0.005321 0.010303
0 0.468989 0.081752 0.018880 0.009591
0 0.471578 0.812074 0.008094 0.009012
0 0.471817 0.091579 0.016279 0.009238
0 0.473871 0.787475 0.007356 0.009108
0 0.476656 0.699643 0.004622 0.007484
0 0.478014 0.711684 0.005611 0.008831
0 0.480325 0.722294 0.005451 0.008350
0 0.482439 0.867881 0.010540 0.008501
0 0.485992 0.757170 0.005880 0.008127
0 0.486203 0.919055 0.019038 0.009579
0 0.487544 0.124982 0.013096 0.010022
0 0.488589 0.952562 0.025445 0.007556
0 0.488589 0.952562 0.025445 0.007556
0 0.488967 0.622247 0.005575 0.010338
0 0.489008 0.717463 0.005001 0.007757
0 0.489199 0.512956 0.003983 0.007960
0 0.489411 0.741129 0.006796 0.009875
0 0.491988 0.805611 0.007154 0.008205
0 0.492266 0.739369 0.006047 0.008832
0 0.495059 0.773319 0.006602 0.008629
0 0.495446 0.469103 0.004302 0.008564
0 0.498568 0.508507 0.003666 0.007329
0 0.498585 0.799965 0.008080 0.009500
0 0.499687 0.819845 0.009226 0.009894
0 0.500326 0.728090 0.006088 0.009181
0 0.500746 0.529358 0.004324 0.008612
0 0.501944 0.513334 0.004768 0.009528
0 0.503406 0.311929 0.005823 0.009671
0 0.504879 0.578493 0.004036 0.007828
0 0.506986 0.623692 0.004676 0.008655
0 0.507041 0.566175 0.004082 0.007988
0 0.507939 0.781876 0.007743 0.009801
0 0.510474 0.618949 0.004116 0.007664
0 0.511972 0.743017 0.006791 0.009813
0 0.512928 0.276299 0.006487 0.009900
0 0.513616 0.500419 0.004174 0.008348
0 0.514306 0.780555 0.007278 0.009259
0 0.514485 0.903947 0.015260 0.009071
0 0.516277 0.645934 0.004387 0.007868
0 0.518270 0.702703 0.006137 0.009869
0 0.519122 0.751678 0.005589 0.007862
0 0.520114 0.807244 0.008180 0.009312
0 0.521240 0.740639 0.005069 0.007377
0 0.522345 0.079989 0.019454 0.009675
0 0.522438 0.859572 0.011319 0.009667
0 0.522945 0.552544 0.004747 0.009364
0 0.523240 0.897773 0.015929 0.010057
0 0.523292 0.872159 0.012825 0.010027
0 0.523304 0.631022 0.004989 0.009145
0 0.524253 0.523636 0.004441 0.008858
0 0.525595 0.057488 0.027173 0.009762
0 0.526585 0.826368 0.008145 0.008452
0 0.527234 0.610489 0.004260 0.008012
0 0.527988 0.507368 0.005045 0.010088
0 0.528047 0.917962 0.017848 0.009099
0 0.528954 0.477438 0.004047 0.008074
0 0.529592 0.050557 0.026709 0.008449
0 0.529681 0.888939 0.011071 0.007569
0 0.530802 0.445564 0.004089 0.008059
0 0.530895 0.618779 0.004206 0.007833
0 0.531124 0.521700 0.003783 0.007549
0 0.531737 0.859040 0.011923 0.010219
0 0.532439 0.145992 0.009879 0.008747
0 0.532750 0.115129 0.011829 0.008372
0 0.532753 0.834539 0.010086 0.010020
0 0.532895 0.478756 0.004143 0.008267
0 0.533228 0.616633 0.004021 0.007509
0 0.533981 0.632607 0.005349 0.009782
0 0.535252 0.623280 0.004601 0.008521
0 0.535369 0.768959 0.005728 0.007604
0 0.536755 0.716954 0.004761 0.007395
0 0.537014 0.874205 0.010127 0.007798
0 0.538493 0.608067 0.004485 0.008457
0 0.538831 0.100142 0.013458 0.008329
0 0.539178 0.681329 0.004620 0.007781
0 0.539189 0.633802 0.004551 0.008310
0 0.539256 0.067968 0.023459 0.009942
0 0.539722 0.763456 0.007115 0.009628
0 0.539884 0.188538 0.006774 0.007563
0 0.540127 0.849852 0.009725 0.008838
0 0.540136 0.658084 0.005706 0.010034
0 0.540894 0.975269 0.049833 0.009967
0 0.540980 0.712773 0.005455 0.008562
0 0.541207 0.143525 0.009212 0.008029
0 0.541699 0.837481 0.007981 0.007800
0 0.541941 0.593450 0.004814 0.009217
0 0.542458 0.082355 0.015574 0.007969
0 0.542719 0.928807 0.016696 0.007406
0 0.543433 0.120068 0.011339 0.008353
0 0.543492 0.564961 0.004509 0.008830
0 0.545053 0.888624 0.014869 0.010194
0 0.546112 0.775699 0.005854 0.007584
0 0.546422 0.824702 0.007862 0.008228
0 0.548338 0.510883 0.004757 0.009508
0 0.549207 0.707903 0.005433 0.008630
0 0.549354 0.716111 0.006166 0.009597
0 0.550906 0.768394 0.006712 0.008928
0 0.551970 0.563268 0.004551 0.008924
0 0.554469 0.837906 0.007790 0.007595
0 0.554552 0.567058 0.003952 0.007729
0 0.554938 0.663839 0.005523 0.009615
0 0.555457 0.711530 0.006004 0.009452
0 0.560498 0.648939 0.005649 0.010083
0 0.565620 0.414507 0.003834 0.007392
0 0.567862 0.617743 0.004802 0.008954
0 0.568903 0.679477 0.005301 0.008960
0 0.569444 0.120872 0.012369 0.009170
0 0.570781 0.584873 0.003918 0.007560
0 0.571157 0.806763 0.006562 0.007486
0 0.571282 0.624374 0.004109 0.007599
0 0.571599 0.150509 0.010874 0.009904
0 0.572023 0.735929 0.005239 0.007729
0 0.576926 0.670794 0.004588 0.007886
0 0.577263 0.438526 0.004762 0.009348
0 0.578456 0.867123 0.009630 0.007808
0 0.578459 0.265047 0.005303 0.007846
0 0.580143 0.600318 0.004747 0.009027
0 0.581924 0.386618 0.005522 0.010351
0 0.582696 0.805269 0.007903 0.009077
0 0.587278 0.105928 0.012330 0.008056
0 0.588207 0.334061 0.005481 0.009505
0 0.588864 0.708442 0.005363 0.008508
0 0.589138 0.691571 0.004812 0.007933
0 0.591569 0.960356 0.035907 0.008921
0 0.593101 0.544252 0.003941 0.007806
0 0.593201 0.566169 0.004241 0.008300
0 0.593229 0.514773 0.005191 0.010370
0 0.594290 0.799650 0.006269 0.007381
0 0.594797 0.868232 0.009547 0.007681
0 0.596578 0.343557 0.004424 0.007801
0 0.596994 0.542423 0.004337 0.008596
0 0.600406 0.368428 0.004605 0.008435
0 0.602056 0.361541 0.004216 0.007647
0 0.602103 0.332634 0.004523 0.007825
0 0.606243 0.394240 0.004849 0.009168
0 0.610542 0.118035 0.014096 0.010216
0 0.610741 0.673635 0.005444 0.009307
0 0.611073 0.161946 0.009781 0.009529
0 0.611281 0.808956 0.008112 0.009163
0 0.611747 0.834731 0.008113 0.008051
0 0.613654 0.361281 0.004159 0.007540
0 0.614022 0.676402 0.004750 0.008078
0 0.614345 0.555783 0.004338 0.008542
0 0.615114 0.647949 0.005179 0.009260
0 0.617189 0.790506 0.006783 0.008297
0 0.617989 0.628649 0.004122 0.007579
0 0.619067 0.030926 0.046886 0.009377
0 0.619535 0.820234 0.007880 0.008434
0 0.621330 0.158202 0.010559 0.010069
0 0.621454 0.334475 0.004271 0.007413
0 0.622608 0.748313 0.005787 0.008227
0 0.622899 0.322818 0.004379 0.007436
0 0.623478 0.555087 0.003759 0.007406
0 0.623724 0.578926 0.003945 0.007648
0 0.624541 0.190181 0.008386 0.009435
0 0.626556 0.098697 0.012954 0.007905
0 0.627111 0.274314 0.004836 0.007340
0 0.629186 0.639933 0.004454 0.008061
0 0.630761 0.865239 0.012412 0.010199
0 0.631205 0.798266 0.007284 0.008627
0 0.631277 0.260681 0.005234 0.007646
0 0.631320 0.824092 0.009839 0.010329
0 0.631987 0.990397 0.048335 0.009667
0 0.632572 0.284657 0.006445 0.010050
0 0.633424 0.657781 0.004374 0.007696
0 0.634181 0.080012 0.019387 0.009644
0 0.635559 0.597306 0.004368 0.008332
0 0.637955 0.852867 0.009217 0.008220
0 0.639065 0.815085 0.007239 0.007945
0 0.640521 0.908127 0.012887 0.007337
0 0.641679 0.296783 0.005273 0.008469
0 0.643178 0.249769 0.006496 0.009180
0 0.643595 0.741558 0.005358 0.007776
0 0.645438 0.238928 0.006166 0.008411
0 0.646244 0.876851 0.010641 0.008030
0 0.646656 0.342729 0.004390 0.007730
0 0.647275 0.058364 0.020998 0.007657
0 0.647453 0.280236 0.004864 0.007499
0 0.648464 0.308368 0.004917 0.008105
0 0.650258 0.868853 0.009823 0.007867
0 0.651307 0.155666 0.010909 0.010250
0 0.656603 0.326874 0.005706 0.009766
0 0.656688 0.532505 0.003859 0.007678
0 0.657399 0.632611 0.005494 0.010049
0 0.658107 0.722077 0.005090 0.007802
0 0.658158 0.755702 0.005372 0.007460
0 0.658347 0.799813 0.006726 0.007913
0 0.658627 0.764448 0.005589 0.007538
0 0.658694 0.325607 0.004937 0.008428
0 0.664056 0.719446 0.006712 0.010358
0 0.665908 0.795544 0.006223 0.007456
0 0.667160 0.513642 0.004626 0.009243
0 0.667441 0.576692 0.003986 0.007742
0 0.667762 0.765575 0.006504 0.008737
0 0.668043 0.819683 0.007158 0.007683
0 0.668271 0.858023 0.010077 0.008694
0 0.668279 0.305943 0.005641 0.009250
0 0.668974 0.801150 0.006493 0.007595
0 0.669360 0.474600 0.004708 0.009386
0 0.670872 0.740726 0.005955 0.008664
0 0.671218 0.726566 0.005150 0.007800
0 0.671447 0.127190 0.010393 0.008087
0 0.673751 0.606949 0.004508 0.008513
0 0.676253 0.797645 0.006242 0.007412
0 0.677726 0.701053 0.005053 0.008156
0 0.678180 0.509103 0.003871 0.007739
0 0.678511 0.843009 0.008006 0.007581
0 0.679100 0.655932 0.004542 0.008016
0 0.680018 0.367017 0.004356 0.007963
0 0.680831 0.835772 0.008240 0.008131
0 0.680875 0.039686 0.032947 0.008194
0 0.682034 0.697001 0.004833 0.007873
0 0.682422 0.699946 0.004613 0.007465
0 0.682949 0.599569 0.004289 0.008162
0 0.683402 0.603859 0.004944 0.009366
0 0.683736 0.127642 0.009492 0.007410
0 0.683750 0.796279 0.006492 0.007754
0 0.684430 0.760176 0.005550 0.007594
0 0.684824 0.744029 0.005607 0.008078
0 0.685821 0.477412 0.003935 0.007850
0 0.685955 0.527000 0.004554 0.009075
0 0.686719 0.559057 0.004038 0.007938
0 0.688736 0.510929 0.005007 0.010007
0 0.689807 0.229586 0.006262 0.008270
0 0.690968 0.773366 0.006701 0.008756
0 0.691836 0.526392 0.004611 0.009191
0 0.692486 0.676269 0.004445 0.007561
0 0.693538 0.709198 0.005379 0.008517
0 0.694338 0.475687 0.004653 0.009280
0 0.695195 0.574457 0.003884 0.007556
0 0.695404 0.451115 0.004260 0.008419
0 0.695792 0.484359 0.004774 0.009537
0 0.695967 0.629350 0.004281 0.007865
0 0.696011 0.531150 0.003819 0.007601
0 0.696065 0.559807 0.004526 0.008893
0 0.697360 0.586730 0.003954 0.007617
0 0.697643 0.150246 0.010792 0.009814
0 0.698414 0.679805 0.004921 0.008313
0 0.698808 0.486317 0.005076 0.010143
0 0.699338 0.758235 0.005930 0.008166
0 0.700249 0.532030 0.003708 0.007379
0 0.700310 0.767533 0.005855 0.007811
0 0.700418 0.478736 0.004202 0.008386
0 0.701116 0.333457 0.004331 0.007502
0 0.701541 0.422020 0.003857 0.007483
0 0.704116 0.651652 0.004156 0.007387
0 0.705924 0.217407 0.006502 0.008207
0 0.706166 0.580838 0.004143 0.008021
0 0.707042 0.606219 0.004541 0.008581
0 0.709104 0.790080 0.007299 0.008945
0 0.709387 0.602001 0.004293 0.008149
0 0.709666 0.711151 0.005218 0.008223
0 0.709698 0.664986 0.004998 0.008683
0 0.710016 0.413491 0.005335 0.010278
0 0.710597 0.682777 0.005480 0.009202
0 0.710807 0.499222 0.003751 0.007501
0 0.711187 0.622735 0.005521 0.010231
0 0.712742 0.818898 0.009156 0.009865
0 0.712959 0.692258 0.004669 0.007685
0 0.713262 0.498294 0.004430 0.008859
0 0.715979 0.441293 0.004564 0.008974
0 0.716208 0.481790 0.004642 0.009269
0 0.716886 0.497997 0.003676 0.007353
0 0.717537 0.668993 0.005358 0.009241
0 0.718415 0.778839 0.006081 0.007786
0 0.718471 0.272462 0.005092 0.007691
0 0.718695 0.372697 0.005243 0.009659
0 0.719551 0.323792 0.004393 0.007475
0 0.719753 0.790129 0.006068 0.007435
0 0.720427 0.348413 0.004430 0.007874
0 0.720675 0.442323 0.004301 0.008460
0 0.721224 0.419822 0.004812 0.009320
0 0.721742 0.475211 0.004730 0.009431
0 0.722175 0.516983 0.004269 0.008526
0 0.722182 0.352001 0.005611 0.010031
0 0.725203 0.484539 0.004575 0.009140
0 0.725569 0.584238 0.005094 0.009834
0 0.726349 0.836834 0.008120 0.007965
0 0.727025 0.300452 0.004659 0.007547
0 0.727028 0.712437 0.005215 0.008193
0 0.727121 0.536996 0.004039 0.008024
0 0.727471 0.437143 0.004524 0.008873
0 0.728942 0.879089 0.012019 0.008913
0 0.729087 0.744672 0.007083 0.010183
0 0.729147 0.217528 0.006108 0.007713
0 0.729593 0.704127 0.004918 0.007882
0 0.729749 0.813774 0.008848 0.009772
0 0.731421 0.502401 0.004271 0.008541
0 0.732600 0.258921 0.005492 0.007981
0 0.732876 0.359682 0.004656 0.008422
0 0.733509 0.509293 0.003699 0.007394
0 0.733967 0.074681 0.017077 0.007940
0 0.734786 0.985054 0.040066 0.008013
0 0.736584 0.406353 0.004440 0.008499
0 0.736611 0.365552 0.004137 0.007547
0 0.737125 0.383024 0.004580 0.008548
0 0.737361 0.533881 0.005017 0.009977
0 0.738055 0.391202 0.005503 0.010370
0 0.738534 0.471844 0.003723 0.007416
0 0.740392 0.293847 0.006105 0.009738
0 0.741386 0.854530 0.008397 0.007411
0 0.741579 0.814921 0.008714 0.009572
0 0.742748 0.174216 0.009635 0.010028
0 0.742955 0.344857 0.004271 0.007548
0 0.743263 0.608428 0.004006 0.007551
0 0.743393 0.601611 0.004690 0.008906
0 0.744719 0.841158 0.010506 0.010055
0 0.746287 0.246012 0.006536 0.009127
0 0.746671 0.626880 0.004460 0.008220
0 0.747056 0.724036 0.006607 0.010075
0 0.747774 0.674715 0.005603 0.009559
0 0.748036 0.760553 0.005835 0.007974
0 0.748377 0.368377 0.005003 0.009163
0 0.748499 0.796780 0.006676 0.007957
0 0.749363 0.292157 0.005527 0.008780
0 0.749419 0.603068 0.005459 0.010351
0 0.749473 0.608163 0.005045 0.009513
0 0.750216 0.547248 0.003861 0.007637
0 0.750554 0.472335 0.003795 0.007561
0 0.751185 0.786087 0.005976 0.007442
0 0.751864 0.882832 0.012983 0.009344
0 0.752598 0.554842 0.004901 0.009658
0 0.753487 0.544109 0.003708 0.007345
0 0.754125 0.080643 0.017077 0.008561
0 0.754993 0.653193 0.004220 0.007482
0 0.755553 0.456102 0.004097 0.008117
0 0.755817 0.503974 0.004877 0.009753
0 0.755888 0.773415 0.005741 0.007501
0 0.755928 0.487826 0.003787 0.007568
0 0.756265 0.450282 0.004587 0.009063
0 0.756833 0.585312 0.005333 0.010286
0 0.757521 0.322715 0.004684 0.007952
0 0.758336 0.257474 0.005981 0.008655
0 0.758550 0.286486 0.006417 0.010054
0 0.758651 0.689500 0.004764 0.007889
0 0.758843 0.525092 0.004428 0.008828
0 0.760012 0.146502 0.009502 0.008441
0 0.761100 0.266253 0.006734 0.009997
0 0.762127 0.617393 0.004548 0.008484
0 0.762291 0.589135 0.005118 0.009838
0 0.762438 0.752446 0.006042 0.008479
0 0.763189 0.673298 0.004870 0.008331
0 0.763357 0.508664 0.004898 0.009792
0 0.763519 0.631389 0.005128 0.009394
0 0.763699 0.718708 0.005373 0.008307
0 0.763834 0.812361 0.006888 0.007658
0 0.764733 0.128320 0.010576 0.008298
0 0.766917 0.461412 0.004637 0.009206
0 0.766964 0.371879 0.005180 0.009532
0 0.767559 0.652871 0.005338 0.009468
0 0.767668 0.411181 0.004736 0.009106
0 0.767853 0.686293 0.004850 0.008085
0 0.768636 0.297863 0.005189 0.008354
0 0.768715 0.582076 0.004129 0.007986
0 0.768741 0.798916 0.006876 0.008121
0 0.769535 0.553707 0.003893 0.007675
0 0.769983 0.362577 0.004989 0.009063
0 0.770063 0.775517 0.006933 0.008988
0 0.770505 0.421043 0.004984 0.009663
0 0.770506 0.455600 0.005030 0.009962
0 0.771119 0.838253 0.010034 0.009764
0 0.771864 0.665544 0.005816 0.010095
0 0.772093 0.370151 0.004716 0.008658
0 0.772828 0.813518 0.008667 0.009584
0 0.774257 0.782413 0.007708 0.009736
0 0.774300 0.643022 0.004248 0.007653
0 0.775127 0.655133 0.004832 0.008538
0 0.775776 0.526226 0.003732 0.007439
0 0.776100 0.750097 0.005558 0.007858
0 0.776436 0.702918 0.005906 0.009492
0 0.777758 0.126728 0.012372 0.009593
0 0.777766 0.451648 0.004114 0.008133
0 0.777795 0.424373 0.003990 0.007755
0 0.777893 0.430973 0.004280 0.008359
0 0.778006 0.816878 0.008464 0.009210
0 0.778447 0.513843 0.003787 0.007567
0 0.779693 0.839692 0.008989 0.008676
0 0.780863 0.546391 0.004485 0.008876
0 0.780904 0.621816 0.004539 0.008422
0 0.780952 0.413008 0.004662 0.008979
0 0.781534 0.822127 0.007079 0.007506
0 0.783085 0.523384 0.004659 0.009294
0 0.783474 0.484672 0.003929 0.007850
0 0.784777 0.492802 0.003770 0.007538
0 0.785106 0.665688 0.004856 0.008426
0 0.785186 0.751999 0.006800 0.009556
0 0.786014 0.809866 0.007103 0.007990
0 0.786627 0.143702 0.010002 0.008727
0 0.786645 0.713008 0.005152 0.008081
0 0.787053 0.292176 0.004822 0.007660
0 0.788551 0.545601 0.004681 0.009265
0 0.788687 0.487804 0.003755 0.007504
0 0.789306 0.078510 0.017917 0.008749
0 0.791652 0.336239 0.004301 0.007488
0 0.792546 0.452436 0.004066 0.008041
0 0.793063 0.756246 0.007372 0.010219
0 0.793321 0.522302 0.004669 0.009315
0 0.794549 0.633837 0.005164 0.009429
0 0.794974 0.401436 0.005028 0.009578
0 0.795583 0.526547 0.005077 0.010119
0 0.797135 0.442497 0.003783 0.007443
0 0.797994 0.287970 0.004859 0.007640
0 0.799083 0.330922 0.005264 0.009077
0 0.799956 0.631392 0.004384 0.008032
0 0.800333 0.449221 0.004278 0.008447
0 0.800399 0.465513 0.004378 0.008704
0 0.800744 0.318757 0.005498 0.009261
0 0.801038 0.502824 0.004618 0.009237
0 0.801309 0.815342 0.009228 0.010117
0 0.802028 0.291495 0.005794 0.009189
0 0.803011 0.521621 0.004358 0.008695
0 0.803640 0.401142 0.003978 0.007575
0 0.805132 0.467851 0.004467 0.008887
0 0.805623 0.310699 0.005762 0.009546
0 0.806188 0.439029 0.004386 0.008611
0 0.807054 0.579308 0.003816 0.007396
0 0.808707 0.735395 0.005278 0.007799
0 0.808795 0.267396 0.005918 0.008813
0 0.808964 0.472272 0.003692 0.007356
0 0.809143 0.310156 0.004968 0.008220
0 0.809951 0.196225 0.007601 0.008789
0 0.810188 0.625639 0.005519 0.010190
0 0.810284 0.305268 0.004613 0.007552
0 0.810536 0.273670 0.005329 0.008075
0 0.811624 0.395021 0.003969 0.007510
0 0.811993 0.592132 0.004669 0.008950
0 0.812567 0.699585 0.005973 0.009674
0 0.812601 0.211175 0.006226 0.007668
0 0.813056 0.476316 0.004486 0.008947
0 0.814009 0.457143 0.004217 0.008358
0 0.814806 0.788740 0.008058 0.009929
0 0.815278 0.054591 0.022481 0.007673
0 0.815963 0.713763 0.005264 0.008242
0 0.817064 0.604199 0.004637 0.008781
0 0.817199 0.369091 0.005142 0.009427
0 0.817682 0.315663 0.006017 0.010071
0 0.818801 0.302113 0.005845 0.009502
0 0.819678 0.330188 0.005770 0.009937
0 0.820437 0.196699 0.006405 0.007421
0 0.822011 0.562673 0.004286 0.008406
0 0.822704 0.750661 0.006696 0.009450
0 0.823941 0.494496 0.005075 0.010149
0 0.824135 0.175480 0.008477 0.008880
0 0.825183 0.514252 0.004643 0.009277
0 0.825832 0.836198 0.010178 0.010019
0 0.825859 0.717534 0.004866 0.007546
0 0.826696 0.400722 0.004835 0.009203
0 0.827198 0.245726 0.006799 0.009486
0 0.827314 0.537969 0.004845 0.009621
0 0.827590 0.731719 0.005645 0.008428
0 0.828810 0.515797 0.003883 0.007756
0 0.829317 0.200200 0.006587 0.007750
0 0.831006 0.661395 0.004525 0.007911
0 0.831006 0.661395 0.004525 0.007911
0 0.831219 0.695413 0.005817 0.009509
0 0.831503 0.345003 0.004399 0.007776
0 0.831507 0.715027 0.006230 0.009724
0 0.832669 0.366982 0.004298 0.007856
0 0.832874 0.465139 0.004136 0.008222
0 0.833628 0.219097 0.006460 0.008207
0 0.833980 0.529708 0.004596 0.009151
0 0.834998 0.376891 0.005084 0.009417
0 0.835401 0.326425 0.004469 0.007641
0 0.835611 0.043249 0.034455 0.009334
0 0.835776 0.766885 0.007310 0.009775
0 0.836068 0.199978 0.006700 0.007876
0 0.836161 0.054344 0.023839 0.008100
0 0.837458 0.359560 0.005134 0.009285
0 0.837772 0.588222 0.004083 0.007855
0 0.838279 0.497471 0.003917 0.007834
0 0.838333 0.116299 0.011247 0.008037
0 0.839222 0.365052 0.005107 0.009309
0 0.840545 0.313030 0.005951 0.009907
0 0.840782 0.384046 0.004893 0.009144
0 0.841205 0.757238 0.006867 0.009489
0 0.841413 0.364817 0.004881 0.008894
0 0.841570 0.300904 0.006127 0.009934
0 0.842453 0.725604 0.005221 0.007927
0 0.843908 0.491951 0.003777 0.007552
0 0.844355 0.765127 0.006379 0.008583
0 0.844806 0.063884 0.020612 0.008218
0 0.844810 0.197916 0.008120 0.009459
0 0.845111 0.768674 0.005584 0.007421
0 0.845119 0.658549 0.004313 0.007578
0 0.845319 0.438364 0.004786 0.009393
0 0.845405 0.410252 0.004162 0.007994
0 0.845459 0.740347 0.006030 0.008782
0 0.845527 0.193896 0.007418 0.008488
0 0.845724 0.393530 0.004971 0.009390
0 0.846488 0.286987 0.004992 0.007831
0 0.846528 0.125462 0.010097 0.007755
0 0.847901 0.184094 0.007186 0.007856
0 0.848746 0.139877 0.010032 0.008536
0 0.848761 0.460059 0.003858 0.007655
0 0.850381 0.352291 0.004294 0.007680
0 0.851245 0.668582 0.005957 0.010282
0 0.851272 0.360633 0.004461 0.008081
0 0.851825 0.374688 0.004170 0.007701
0 0.852202 0.521254 0.004127 0.008235
0 0.853187 0.462819 0.003739 0.007428
0 0.853737 0.556473 0.003766 0.007414
0 0.853891 0.474119 0.003723 0.007422
0 0.854211 0.702301 0.005156 0.008298
0 0.854658 0.253610 0.006683 0.009558
0 0.855767 0.230121 0.007497 0.009921
0 0.855834 0.670486 0.004911 0.008446
0 0.855931 0.477979 0.004137 0.008255
0 0.856337 0.298915 0.005632 0.009091
0 0.857100 0.568059 0.004521 0.008837
0 0.858552 0.411330 0.003940 0.007576
0 0.859029 0.457297 0.004885 0.009683
0 0.860542 0.676296 0.004388 0.007464
0 0.860587 0.178741 0.007610 0.008105
0 0.861067 0.504435 0.003673 0.007345
0 0.863187 0.522208 0.004914 0.009805
0 0.863279 0.569195 0.005115 0.009990
0 0.864833 0.064679 0.018751 0.007568
0 0.865451 0.185906 0.008293 0.009145
0 0.865615 0.537669 0.004750 0.009434
0 0.865707 0.575694 0.003893 0.007568
0 0.866126 0.718091 0.006623 0.010257
0 0.866301 0.360238 0.005607 0.010150
0 0.866706 0.519461 0.003762 0.007510
0 0.866968 0.434422 0.004480 0.008770
0 0.867008 0.803842 0.006393 0.007390
0 0.868676 0.672912 0.005237 0.008967
0 0.868697 0.396261 0.004558 0.008636
0 0.868721 0.683523 0.004912 0.008236
0 0.868963 0.416936 0.003821 0.007384
0 0.870332 0.228658 0.005779 0.007607
0 0.870806 0.188482 0.009047 0.010099
0 0.871196 0.592986 0.004973 0.009524
0 0.871589 0.516332 0.003799 0.007588
0 0.872289 0.507860 0.003760 0.007519
0 0.873050 0.537509 0.005111 0.010151
0 0.873767 0.605344 0.005166 0.009771
0 0.873938 0.430207 0.004111 0.008026
0 0.874050 0.641102 0.004626 0.008358
0 0.875648 0.561687 0.004267 0.008375
0 0.875992 0.411257 0.004537 0.008723
0 0.876897 0.243926 0.006702 0.009295
0 0.877025 0.508015 0.003957 0.007912
0 0.877324 0.156628 0.007767 0.007339
0 0.877480 0.421327 0.004836 0.009377
0 0.879291 0.575219 0.004140 0.008049
0 0.880237 0.416286 0.004180 0.008073
0 0.880267 0.384168 0.004262 0.007965
0 0.880767 0.425624 0.003817 0.007426
0 0.880852 0.807674 0.006593 0.007491
0 0.881149 0.545200 0.004083 0.008085
0 0.882607 0.157171 0.009573 0.009074
0 0.883340 0.773942 0.005983 0.007802
0 0.883568 0.376417 0.004257 0.007880
0 0.884144 0.558181 0.004205 0.008269
0 0.884899 0.648099 0.005279 0.009436
0 0.885151 0.655981 0.004227 0.007460
0 0.885341 0.634449 0.004636 0.008458
0 0.886451 0.226907 0.006277 0.008210
0 0.886583 0.132515 0.010401 0.008412
0 0.887182 0.637313 0.004959 0.009009
0 0.887671 0.529493 0.004207 0.008378
0 0.888176 0.385328 0.005254 0.009834
0 0.888295 0.688062 0.005743 0.009539
0 0.889301 0.573009 0.004110 0.008005
0 0.889558 0.036854 0.032725 0.007561
0 0.890205 0.228619 0.006338 0.008341
0 0.891405 0.697502 0.004957 0.008067
0 0.891647 0.673802 0.004399 0.007519
0 0.892259 0.794289 0.006156 0.007414
0 0.892373 0.705111 0.004589 0.007337
0 0.892667 0.256396 0.006956 0.010033
0 0.893254 0.581761 0.005212 0.010081
0 0.893278 0.035358 0.034593 0.007669
0 0.896001 0.576101 0.005271 0.010242
0 0.896456 0.590326 0.004471 0.008584
0 0.897191 0.225329 0.007405 0.009630
0 0.897325 0.528209 0.003842 0.007654
0 0.897833 0.058664 0.021630 0.007928
0 0.898405 0.495117 0.004393 0.008784
0 0.898614 0.542929 0.004459 0.008837
0 0.899959 0.791383 0.006170 0.007521
0 0.901336 0.532090 0.004300 0.008557
0 0.902756 0.772486 0.005774 0.007569
0 0.903743 0.710332 0.006331 0.009996
0 0.903800 0.254243 0.007153 0.010250
0 0.904715 0.662679 0.004497 0.007845
0 0.905722 0.094224 0.015164 0.008847
0 0.906699 0.208594 0.007085 0.008635
0 0.906712 0.524006 0.003798 0.007575
0 0.907821 0.513314 0.004674 0.009339
0 0.908151 0.740223 0.006118 0.008913
0 0.910122 0.559816 0.003977 0.007814
0 0.910595 0.765753 0.006736 0.009043
0 0.911611 0.070855 0.017070 0.007537
0 0.912139 0.064240 0.025414 0.010188
0 0.912252 0.515351 0.004404 0.008799
0 0.915489 0.651982 0.005608 0.009962
0 0.915806 0.037883 0.039364 0.009347
0 0.917675 0.568707 0.004713 0.009208
0 0.918863 0.176958 0.008207 0.008662
0 0.919151 0.429039 0.004383 0.008550
0 0.920289 0.305332 0.004655 0.007622
0 0.920778 0.118771 0.012176 0.008877
0 0.921133 0.841897 0.008177 0.007793
0 0.921572 0.624613 0.004340 0.008023
0 0.921691 0.565076 0.004728 0.009258
0 0.922222 0.028086 0.040350 0.008070
0 0.922388 0.473201 0.003925 0.007822
0 0.923202 0.634313 0.005671 0.010347
0 0.923567 0.681384 0.005843 0.009840
0 0.925030 0.788812 0.007256 0.008938
0 0.925831 0.512084 0.003872 0.007738
0 0.926442 0.835763 0.010019 0.009886
0 0.926460 0.161284 0.008687 0.008431
0 0.927248 0.581591 0.003928 0.007600
0 0.927383 0.774338 0.006586 0.008575
0 0.927456 0.397557 0.004069 0.007721
0 0.927639 0.391793 0.004779 0.009011
0 0.928216 0.636410 0.004188 0.007619
0 0.929374 0.466969 0.004425 0.008802
0 0.930153 0.152998 0.009913 0.009167
0 0.930941 0.626504 0.004100 0.007561
0 0.931194 0.021719 0.041196 0.008239
0 0.932521 0.479456 0.004208 0.008399
0 0.933382 0.753041 0.006722 0.009416
0 0.933722 0.890807 0.013530 0.009102
0 0.933831 0.857105 0.011711 0.010165
0 0.933991 0.299553 0.004761 0.007696
0 0.934374 0.586145 0.004045 0.007795
0 0.938393 0.433862 0.004154 0.008129
0 0.939750 0.100442 0.012022 0.007461
0 0.940629 0.249997 0.005438 0.007690
0 0.940744 0.516397 0.003968 0.007926
0 0.942684 0.431174 0.004392 0.008579
0 0.943839 0.475710 0.004968 0.009907
0 0.945039 0.414881 0.004043 0.007798
0 0.946571 0.420222 0.005287 0.010243
0 0.951071 0.723583 0.005636 0.008604
0 0.952030 0.589349 0.004182 0.008036
0 0.952302 0.254997 0.007120 0.010226
0 0.952778 0.125051 0.010449 0.008001
0 0.952894 0.284041 0.005114 0.007963
0 0.953754 0.521811 0.005123 0.010223
0 0.954121 0.417367 0.004805 0.009287
0 0.955115 0.493543 0.003786 0.007571
0 0.955762 0.326707 0.004384 0.007501
0 0.957083 0.966933 0.036252 0.007518
0 0.959455 0.726368 0.006655 0.010084
0 0.959639 0.136036 0.012265 0.010167
0 0.960248 0.514844 0.004387 0.008764
0 0.960271 0.728237 0.006054 0.009126
0 0.960285 0.540197 0.003932 0.007800
0 0.960424 0.193014 0.006852 0.007810
0 0.963364 0.309983 0.005622 0.009299
0 0.963431 0.660018 0.005527 0.009686
0 0.964824 0.302794 0.004829 0.007862
0 0.965100 0.775337 0.005879 0.007626
0 0.967656 0.398353 0.005035 0.009562
0 0.968100 0.798064 0.006253 0.007413
0 0.968606 0.460043 0.003697 0.007336
0 0.968616 0.293369 0.005460 0.008699
0 0.969620 0.280154 0.005449 0.008400
0 0.971608 0.701426 0.004763 0.007681
0 0.972442 0.722066 0.005399 0.008276
0 0.973139 0.914271 0.014838 0.007896
0 0.973906 0.543028 0.004444 0.008807
0 0.976549 0.478032 0.003733 0.007447
0 0.976820 0.762527 0.007234 0.009820
0 0.978933 0.423041 0.003953 0.007676
0 0.981238 0.502380 0.004026 0.008053
0 0.981570 0.521422 0.004712 0.009403
0 0.981741 0.548597 0.004675 0.009241
0 0.981963 0.486734 0.003737 0.007468
0 0.982346 0.724363 0.005441 0.008288
0 0.982850 0.409587 0.004268 0.008194
0 0.983898 0.179933 0.008018 0.008590
0 0.985695 0.383281 0.005480 0.010232
0 0.986056 0.112072 0.011717 0.008082
0 0.986158 0.292204 0.006031 0.009581
0 0.987217 0.497487 0.004197 0.008393
0 0.987778 0.926739 0.017150 0.007825
0 0.988174 0.185966 0.007002 0.007724
0 0.988845 0.207334 0.007776 0.009429
0 0.989390 0.656652 0.004924 0.008680
0 0.989868 0.855312 0.008703 0.007642
0 0.990011 0.604153 0.004032 0.007637
0 0.990922 0.412975 0.003848 0.007409
0 0.990933 0.461656 0.004762 0.009456
0 0.993389 0.786300 0.006931 0.008623
0 0.993754 0.272292 0.005296 0.007995
0 0.994113 0.796362 0.008441 0.010078
0 0.994917 0.902191 0.013593 0.008223
0 0.997112 0.582777 0.005226 0.010101
0 0.997306 0.115653 0.013598 0.009665
0 0.997963 0.634284 0.004148 0.007569
0 0.999000 0.551014 0.003978 0.007854
0 0.999000 0.359151 0.005490 0.009922
