0 0.003611 0.663296 0.012797 0.022299
0 0.009043 0.658294 0.012968 0.022795
0 0.010765 0.225614 0.017237 0.022439
0 0.013137 0.626954 0.012014 0.022142
0 0.019472 0.886639 0.035871 0.025013
0 0.051389 0.139834 0.030579 0.026011
0 0.054723 0.202705 0.022401 0.026641
0 0.064197 0.461253 0.012074 0.023969
0 0.070570 0.583077 0.011764 0.022730
0 0.088688 0.386055 0.011988 0.022455
0 0.096508 0.263889 0.017256 0.025446
0 0.099219 0.210494 0.017619 0.021640
0 0.103417 0.142139 0.027253 0.023538
0 0.104972 0.040417 0.086141 0.021817
0 0.105816 0.644646 0.013140 0.023614
0 0.109643 0.577882 0.012008 0.023302
0 0.121067 0.564186 0.010679 0.020925
0 0.129379 0.401778 0.012925 0.024628
0 0.133610 0.756442 0.015142 0.020976
0 0.134446 0.311403 0.017239 0.028601
0 0.149015 0.093435 0.036817 0.021305
0 0.149756 0.400713 0.014629 0.027847
0 0.153200 0.698829 0.013642 0.022132
0 0.157367 0.581418 0.013385 0.025899
0 0.158846 0.657145 0.012059 0.021238
0 0.162765 0.463559 0.011235 0.022322
0 0.177874 0.708743 0.016313 0.025859
0 0.183923 0.743543 0.019289 0.027826
0 0.188611 0.953824 0.098952 0.028608
0 0.195016 0.771307 0.019106 0.025152
0 0.197717 0.242823 0.015155 0.020943
0 0.216735 0.399199 0.011776 0.022381
0 0.218062 0.346451 0.013059 0.023138
0 0.236947 0.302396 0.014057 0.022868
0 0.237083 0.059925 0.063056 0.023602
0 0.245471 0.316747 0.013593 0.022803
0 0.253637 0.551512 0.014099 0.027830
0 0.255597 0.083222 0.046907 0.024249
0 0.264621 0.199796 0.017683 0.020769
0 0.287573 0.484357 0.013926 0.027819
0 0.293841 0.638205 0.012556 0.022782
0 0.294722 0.228098 0.018370 0.024132
0 0.299974 0.380523 0.012861 0.023931
0 0.307893 0.610211 0.012133 0.022826
0 0.308995 0.721690 0.018499 0.028382
0 0.317829 0.615647 0.013333 0.024925
0 0.324851 0.146696 0.026079 0.023195
0 0.341301 0.168431 0.026994 0.027253
0 0.345200 0.120059 0.030714 0.022624
0 0.358309 0.179988 0.020351 0.021808
0 0.373917 0.811589 0.026105 0.029130
0 0.381884 0.559884 0.010589 0.020805
0 0.384442 0.152235 0.031706 0.029185
0 0.389459 0.787803 0.018157 0.022454
0 0.402001 0.743085 0.016602 0.023984
0 0.431913 0.682104 0.015177 0.025521
0 0.438454 0.776352 0.021600 0.027916
0 0.483114 0.778731 0.022864 0.029289
0 0.489008 0.724722 0.015349 0.023361
0 0.491991 0.574722 0.010828 0.021062
0 0.494694 0.641907 0.011521 0.020789
0 0.495161 0.550839 0.014237 0.028111
0 0.497222 0.657589 0.012190 0.021453
0 0.502062 0.683675 0.015117 0.025338
0 0.511046 0.136188 0.034446 0.028584
0 0.511228 0.563516 0.012328 0.024168
0 0.513873 0.529503 0.013350 0.026586
0 0.516522 0.729313 0.016237 0.024405
0 0.539309 0.732322 0.014589 0.021745
0 0.554139 0.089688 0.040680 0.022622
0 0.572071 0.679456 0.014848 0.025101
0 0.575303 0.248888 0.020680 0.029143
0 0.591650 0.804841 0.018934 0.021789
0 0.591757 0.618777 0.011975 0.022301
0 0.607288 0.739621 0.019203 0.028028
0 0.617369 0.757494 0.015454 0.021335
0 0.647786 0.171680 0.024973 0.025651
0 0.654883 0.345100 0.014768 0.026107
0 0.657629 0.201525 0.019283 0.022818
0 0.662484 0.186407 0.022108 0.024439
0 0.663085 0.493187 0.011126 0.022247
0 0.665125 0.936003 0.054560 0.021791
0 0.666738 0.281296 0.014847 0.022957
0 0.667954 0.699372 0.015373 0.024910
0 0.669858 0.549051 0.012016 0.023747
0 0.670859 0.590569 0.014180 0.027220
0 0.673629 0.156914 0.027843 0.026353
0 0.703032 0.259606 0.015010 0.021858
0 0.710736 0.770200 0.015883 0.020992
0 0.719584 0.537603 0.010854 0.021557
0 0.720881 0.620497 0.013488 0.025066
0 0.735116 0.451144 0.012644 0.024990
0 0.735354 0.856110 0.027926 0.024397
0 0.735445 0.779759 0.021415 0.027326
0 0.737057 0.690112 0.015331 0.025354
0 0.742927 0.281234 0.014364 0.022206
0 0.753798 0.737193 0.014342 0.021082
0 0.756344 0.628353 0.014250 0.026215
0 0.759710 0.533823 0.013721 0.027288
0 0.767039 0.600393 0.011853 0.022536
0 0.767906 0.911161 0.043528 0.023983
0 0.777134 0.427453 0.013457 0.026219
0 0.778384 0.325636 0.016096 0.027482
0 0.790799 0.652521 0.015057 0.026722
0 0.791580 0.158757 0.029079 0.027818
0 0.799439 0.759611 0.015132 0.020744
0 0.799611 0.121826 0.027959 0.020883
0 0.803680 0.417269 0.012630 0.024411
0 0.807244 0.241608 0.015156 0.020861
0 0.808720 0.631896 0.011676 0.021376
0 0.814222 0.499809 0.010488 0.020976
0 0.819700 0.793304 0.017492 0.021154
0 0.830636 0.463191 0.010932 0.021719
0 0.830978 0.572721 0.012365 0.024087
0 0.832272 0.135239 0.035210 0.029027
0 0.835754 0.682477 0.014369 0.024143
0 0.835861 0.427354 0.012872 0.025077
0 0.838900 0.442931 0.010654 0.020967
0 0.851180 0.476496 0.012239 0.024411
0 0.854831 0.787689 0.019744 0.024429
0 0.860481 0.318154 0.014263 0.023997
0 0.860786 0.696391 0.012922 0.021078
0 0.879339 0.735350 0.018177 0.026862
0 0.895288 0.657274 0.014668 0.025828
0 0.896506 0.859203 0.025961 0.022225
0 0.904707 0.157498 0.022878 0.021727
0 0.906962 0.272463 0.014869 0.022459
0 0.909136 0.693598 0.016304 0.026760
0 0.913834 0.778016 0.017421 0.022376
0 0.916839 0.684404 0.014988 0.025086
0 0.917966 0.530977 0.011536 0.022963
0 0.919927 0.802612 0.021053 0.024468
0 0.921040 0.478203 0.014501 0.028934
0 0.933638 0.698651 0.016290 0.026438
0 0.949780 0.554688 0.014159 0.027901
0 0.959274 0.148024 0.025430 0.022808
0 0.961401 0.679437 0.012795 0.021630
0 0.962306 0.699867 0.013042 0.021109
0 0.962444 0.894761 0.034765 0.022571
0 0.964611 0.088405 0.050044 0.027442
0 0.965747 0.585370 0.012944 0.024963
0 0.974716 0.656752 0.014926 0.026305
0 0.980632 0.591561 0.013011 0.024952
0 0.981964 0.645351 0.014418 0.025881
0 0.993306 0.044998 0.078350 0.022078
0 0.997083 0.875329 0.029909 0.022834
