0 0.001000 0.575159 0.006604 0.012842
0 0.002556 0.523850 0.006397 0.012758
0 0.003633 0.591822 0.005410 0.010372
0 0.003937 0.585394 0.005953 0.011480
0 0.005068 0.741928 0.009441 0.013686
0 0.005944 0.770000 0.011001 0.014551
0 0.006495 0.735214 0.009367 0.013847
0 0.006525 0.333326 0.008039 0.013924
0 0.007388 0.250872 0.007757 0.010999
0 0.008894 0.609363 0.005889 0.011089
0 0.008986 0.580211 0.005777 0.011189
0 0.009094 0.196928 0.012291 0.014256
0 0.010333 0.924032 0.025988 0.012287
0 0.011049 0.757728 0.009222 0.012722
0 0.011777 0.238989 0.008497 0.011594
0 0.012015 0.120510 0.014406 0.010650
0 0.012063 0.478875 0.005343 0.010662
0 0.013098 0.378341 0.007330 0.013601
0 0.013439 0.193472 0.011781 0.013456
0 0.013799 0.643456 0.007633 0.013742
0 0.013824 0.502947 0.005254 0.010508
0 0.014163 0.688919 0.007696 0.012760
0 0.018273 0.249359 0.007438 0.010498
0 0.019851 0.617426 0.007101 0.013246
0 0.020466 0.212976 0.011751 0.014578
0 0.022941 0.638427 0.007132 0.012935
0 0.023309 0.908539 0.019013 0.010776
0 0.023847 0.590905 0.005829 0.011186
0 0.024011 0.525374 0.006176 0.012313
0 0.024611 0.192290 0.009419 0.010700
0 0.025484 0.227523 0.008322 0.010909
0 0.025604 0.748020 0.008324 0.011845
0 0.025753 0.497938 0.005188 0.010375
0 0.028369 0.659947 0.006596 0.011562
0 0.028952 0.509658 0.005251 0.010498
0 0.029174 0.083781 0.023238 0.012092
0 0.031720 0.551141 0.006530 0.012892
0 0.033795 0.501614 0.005744 0.011487
0 0.034939 0.127610 0.014917 0.011643
0 0.038011 0.315077 0.007376 0.012332
0 0.040902 0.808408 0.011323 0.012822
0 0.041209 0.285779 0.007972 0.012467
0 0.041285 0.329169 0.007593 0.013051
0 0.041999 0.837433 0.011819 0.011555
0 0.042028 0.457281 0.005901 0.011695
0 0.045495 0.340087 0.006620 0.011604
0 0.046246 0.319301 0.008190 0.013810
0 0.046410 0.377299 0.007052 0.013069
0 0.048234 0.213707 0.008620 0.010725
0 0.050722 0.362678 0.007228 0.013132
0 0.051020 0.347588 0.007054 0.012522
0 0.053094 0.229931 0.009631 0.012735
0 0.056421 0.418006 0.005699 0.011022
0 0.059489 0.220863 0.009048 0.011573
0 0.059724 0.302300 0.008035 0.013069
0 0.060167 0.404673 0.005867 0.011213
0 0.061167 0.583463 0.006999 0.013520
0 0.062773 0.547236 0.005284 0.010453
0 0.064944 0.120198 0.016635 0.012267
0 0.068852 0.230097 0.010182 0.013471
0 0.069250 0.616944 0.006315 0.011787
0 0.069898 0.636587 0.007654 0.013921
0 0.070590 0.266788 0.007445 0.011069
0 0.074053 0.504117 0.005817 0.011633
0 0.074988 0.780969 0.009102 0.011561
0 0.076972 0.429016 0.006617 0.012907
0 0.080119 0.449309 0.006141 0.012127
0 0.081961 0.657054 0.006744 0.011880
0 0.082934 0.157347 0.013564 0.012870
0 0.083484 0.241567 0.007648 0.010526
0 0.084328 0.519584 0.005661 0.011300
0 0.086073 0.558533 0.005343 0.010506
0 0.086889 0.094257 0.023807 0.013894
0 0.088659 0.760784 0.007983 0.010901
0 0.089985 0.224693 0.008008 0.010389
0 0.090722 0.298878 0.007448 0.012021
0 0.092847 0.392103 0.005763 0.010869
0 0.092917 0.109479 0.015928 0.010742
0 0.093745 0.348752 0.006376 0.011339
0 0.094111 0.061223 0.030454 0.011643
0 0.096717 0.442703 0.006081 0.011965
0 0.098002 0.181072 0.009668 0.010416
0 0.100083 0.444895 0.007014 0.013818
0 0.100457 0.357358 0.006522 0.011755
0 0.102493 0.539162 0.005655 0.011225
0 0.103512 0.497713 0.007170 0.014339
0 0.104216 0.851337 0.011750 0.010580
0 0.104707 0.840912 0.011743 0.011255
0 0.105839 0.265369 0.008991 0.013315
0 0.106276 0.295367 0.008638 0.013827
0 0.106349 0.397973 0.005778 0.010968
0 0.110665 0.579183 0.006863 0.013304
0 0.111232 0.749368 0.009372 0.013280
0 0.112149 0.736505 0.008220 0.012107
0 0.112904 0.841592 0.012014 0.011470
0 0.113600 0.657917 0.006076 0.010686
0 0.114483 0.771671 0.008283 0.010890
0 0.116384 0.378942 0.007301 0.013559
0 0.116561 0.347818 0.006081 0.010798
0 0.116711 0.373169 0.006196 0.011422
0 0.117528 0.875702 0.015500 0.011800
0 0.117750 0.868338 0.013563 0.010903
0 0.118663 0.780803 0.009581 0.012177
0 0.119877 0.263152 0.008622 0.012687
0 0.121446 0.441056 0.005650 0.011107
0 0.121618 0.322541 0.006368 0.010807
0 0.122253 0.557147 0.007139 0.014048
0 0.124656 0.216755 0.009158 0.011531
0 0.125803 0.356159 0.006814 0.012260
0 0.127322 0.626641 0.007328 0.013511
0 0.127944 0.309127 0.007620 0.012581
0 0.128318 0.601191 0.007015 0.013328
0 0.128482 0.553704 0.006607 0.013025
0 0.132103 0.620756 0.006057 0.011252
0 0.134028 0.877490 0.019229 0.014439
0 0.136444 0.893936 0.021047 0.013768
0 0.137125 0.351225 0.006658 0.011888
0 0.141143 0.580019 0.007511 0.014551
0 0.141766 0.409294 0.005495 0.010547
0 0.143336 0.359910 0.006209 0.011235
0 0.143562 0.595989 0.005850 0.011172
0 0.144265 0.203649 0.008840 0.010555
0 0.145684 0.348026 0.007257 0.012891
0 0.149481 0.674192 0.008049 0.013747
0 0.149491 0.807527 0.010356 0.011775
0 0.149669 0.196402 0.009810 0.011352
0 0.153673 0.828015 0.010188 0.010481
0 0.153857 0.847891 0.014301 0.013154
0 0.154616 0.380530 0.006272 0.011671
0 0.155901 0.595720 0.007261 0.013871
0 0.158722 0.877942 0.015178 0.011357
0 0.160997 0.378628 0.007007 0.013008
0 0.161793 0.161881 0.011945 0.011633
0 0.162951 0.257799 0.008838 0.012801
0 0.163040 0.545876 0.005795 0.011469
0 0.163639 0.226357 0.010457 0.013650
0 0.166528 0.100487 0.023100 0.014344
0 0.167776 0.242266 0.007549 0.010414
0 0.167951 0.584514 0.005922 0.011428
0 0.168643 0.374094 0.006848 0.012638
0 0.169659 0.292381 0.008521 0.013543
0 0.171370 0.619167 0.005676 0.010565
0 0.171543 0.720676 0.006894 0.010605
0 0.172279 0.824283 0.010157 0.010653
0 0.172299 0.368295 0.006350 0.011629
0 0.173694 0.084007 0.020257 0.010569
0 0.175525 0.392538 0.007466 0.014090
0 0.175794 0.758618 0.007826 0.010765
0 0.176390 0.165889 0.012607 0.012554
0 0.176622 0.337571 0.006031 0.010526
0 0.176762 0.418218 0.006514 0.012600
0 0.178098 0.749185 0.008186 0.011607
0 0.179861 0.295077 0.007053 0.011283
0 0.180152 0.507163 0.006225 0.012448
0 0.181612 0.283923 0.009183 0.014294
0 0.182722 0.131186 0.014255 0.011420
0 0.183912 0.378508 0.006911 0.012827
0 0.184097 0.397851 0.005870 0.011141
0 0.185606 0.369680 0.006113 0.011216
0 0.186750 0.377271 0.006763 0.012533
0 0.187152 0.401194 0.006697 0.012754
0 0.187596 0.679664 0.007043 0.011902
0 0.188262 0.489369 0.005206 0.010407
0 0.197108 0.461228 0.005939 0.011790
0 0.197160 0.318264 0.006701 0.011277
0 0.198389 0.877216 0.016422 0.012358
0 0.198417 0.883474 0.017322 0.012401
0 0.198492 0.498923 0.006734 0.013467
0 0.200953 0.395908 0.006648 0.012591
0 0.202203 0.170004 0.012421 0.012646
0 0.204854 0.322108 0.007408 0.012563
0 0.206029 0.303446 0.006836 0.011148
0 0.207333 0.170253 0.011860 0.012090
0 0.211932 0.240212 0.010247 0.014040
0 0.212722 0.572101 0.005987 0.011668
0 0.214578 0.227601 0.010369 0.013597
0 0.215121 0.374538 0.006172 0.011397
0 0.215574 0.410441 0.007411 0.014239
0 0.215933 0.152846 0.011570 0.010689
0 0.219741 0.369696 0.006923 0.012702
0 0.220408 0.449131 0.007070 0.013959
0 0.220494 0.221397 0.010250 0.013136
0 0.223794 0.862817 0.014894 0.012444
0 0.224497 0.110658 0.015540 0.010588
0 0.228122 0.881278 0.015210 0.011085
0 0.230128 0.279626 0.008424 0.012969
0 0.234842 0.477146 0.007159 0.014281
0 0.237314 0.152138 0.011723 0.010784
0 0.239036 0.450186 0.005655 0.011172
0 0.239252 0.580892 0.005378 0.010410
0 0.239931 0.410033 0.007323 0.014064
0 0.240567 0.036867 0.045458 0.010506
0 0.241381 0.441855 0.007343 0.014441
0 0.242422 0.238882 0.009755 0.013305
0 0.244554 0.338238 0.006924 0.012098
0 0.245237 0.232552 0.007972 0.010640
0 0.248553 0.915592 0.023479 0.012307
0 0.252071 0.256317 0.008097 0.011675
0 0.254361 0.361952 0.005782 0.010493
0 0.256320 0.475515 0.007080 0.014117
0 0.257743 0.145230 0.012167 0.010721
0 0.257746 0.451828 0.007410 0.014650
0 0.259751 0.429504 0.006591 0.012861
0 0.260599 0.215638 0.008357 0.010476
0 0.265042 0.015099 0.061502 0.012300
0 0.265327 0.225267 0.010820 0.014067
0 0.265405 0.405007 0.005962 0.011397
0 0.265985 0.505701 0.006913 0.013824
0 0.268380 0.444577 0.005666 0.011161
0 0.268706 0.392817 0.006656 0.012564
0 0.269214 0.241104 0.009128 0.012543
0 0.270778 0.386949 0.006191 0.011610
0 0.271791 0.834420 0.011821 0.011751
0 0.272201 0.748311 0.007387 0.010502
0 0.272321 0.318574 0.006229 0.010488
0 0.272857 0.233249 0.008185 0.010951
0 0.273744 0.040362 0.042718 0.010804
0 0.274075 0.287768 0.007689 0.012084
0 0.282904 0.271953 0.007594 0.011454
0 0.284349 0.440098 0.005463 0.010733
0 0.285038 0.726125 0.008287 0.012565
0 0.285070 0.165103 0.011291 0.011194
0 0.287665 0.714266 0.006801 0.010636
0 0.288687 0.459457 0.006747 0.013385
0 0.290929 0.579982 0.005783 0.011202
0 0.293331 0.068775 0.028968 0.012421
0 0.297408 0.661318 0.006344 0.011093
0 0.298181 0.599989 0.005625 0.010699
0 0.299281 0.812673 0.010857 0.012053
0 0.304278 0.593135 0.005647 0.010813
0 0.305056 0.576798 0.005973 0.011601
0 0.305857 0.457244 0.005303 0.010510
0 0.311504 0.190860 0.009453 0.010669
0 0.314032 0.471898 0.005492 0.010941
0 0.315522 0.928466 0.023961 0.010679
0 0.321620 0.182871 0.012012 0.013056
0 0.324078 0.917046 0.024473 0.012612
0 0.324336 0.881959 0.015661 0.011351
0 0.324589 0.607753 0.006179 0.011656
0 0.325753 0.957629 0.044135 0.011715
0 0.326305 0.558079 0.006419 0.012625
0 0.329684 0.173846 0.010742 0.011159
0 0.338561 0.567182 0.006414 0.012544
0 0.342571 0.545181 0.006387 0.012646
0 0.343713 0.780556 0.010443 0.013285
0 0.345213 0.678749 0.006265 0.010606
0 0.348472 0.077921 0.025192 0.012211
0 0.348897 0.957543 0.040221 0.010698
0 0.356958 0.127888 0.015288 0.011957
0 0.357789 0.113556 0.015455 0.010794
0 0.359111 0.840795 0.012373 0.011868
0 0.364466 0.828252 0.012171 0.012506
0 0.371707 0.770166 0.009018 0.011920
0 0.373736 0.872529 0.016502 0.012866
0 0.374906 0.852462 0.014743 0.013183
0 0.381353 0.885871 0.016612 0.011659
0 0.384476 0.658056 0.006758 0.011884
0 0.384726 0.479960 0.005488 0.010955
0 0.389439 0.665931 0.007645 0.013259
0 0.391572 0.537131 0.006327 0.012568
0 0.391589 0.072158 0.028347 0.012742
0 0.402046 0.553201 0.006253 0.012332
0 0.406964 0.728916 0.008438 0.012697
0 0.415458 0.638377 0.005795 0.010512
0 0.420013 0.613169 0.005973 0.011199
0 0.421657 0.742292 0.007648 0.011075
0 0.423141 0.524812 0.005874 0.011712
0 0.425746 0.689054 0.006620 0.010972
0 0.430804 0.710339 0.007592 0.011988
0 0.438104 0.614816 0.005702 0.010671
0 0.442219 0.944992 0.032903 0.011316
0 0.443805 0.016461 0.061018 0.012204
0 0.445461 0.765363 0.009102 0.012236
0 0.445559 0.676692 0.006845 0.011634
0 0.447514 0.934169 0.028420 0.011672
0 0.450184 0.778058 0.011108 0.014266
0 0.450484 0.719534 0.007855 0.012119
0 0.451799 0.546562 0.005882 0.011638
0 0.452461 0.926009 0.031729 0.014618
0 0.456667 0.687731 0.006462 0.010740
0 0.457547 0.739366 0.007821 0.011423
0 0.457901 0.752436 0.008805 0.012356
0 0.460399 0.565082 0.005335 0.010448
0 0.461950 0.442037 0.006159 0.012115
0 0.465107 0.687968 0.008506 0.014130
0 0.466392 0.931981 0.027783 0.011784
0 0.470602 0.758844 0.007684 0.010561
0 0.478430 0.729685 0.007659 0.011500
0 0.479022 0.742263 0.007592 0.010995
0 0.479047 0.914431 0.022887 0.012157
0 0.480102 0.561363 0.006097 0.011968
0 0.484627 0.633679 0.007960 0.014536
0 0.487760 0.985476 0.052358 0.010472
0 0.488204 0.698585 0.007205 0.011696
0 0.488865 0.335168 0.008091 0.014060
0 0.489614 0.859628 0.012675 0.010820
0 0.489727 0.518991 0.006572 0.013120
0 0.495806 0.728370 0.007945 0.011973
0 0.499722 0.471666 0.005243 0.010444
0 0.502049 0.718691 0.007004 0.010830
0 0.502626 0.631561 0.006608 0.012103
0 0.507096 0.894632 0.021156 0.013752
0 0.507146 0.641135 0.006083 0.010990
0 0.507413 0.734546 0.008940 0.013242
0 0.508941 0.580784 0.006514 0.012611
0 0.509218 0.655945 0.007468 0.013180
0 0.511058 0.694327 0.007157 0.011729
0 0.513681 0.711426 0.007622 0.012003
0 0.514256 0.670041 0.008501 0.014634
0 0.514648 0.838473 0.013261 0.012889
0 0.516808 0.803072 0.009433 0.010941
0 0.518166 0.762721 0.010020 0.013592
0 0.521957 0.649574 0.007041 0.012556
0 0.523961 0.089656 0.019718 0.010961
0 0.524463 0.735946 0.008715 0.012857
0 0.527332 0.779705 0.010494 0.013394
0 0.531169 0.815955 0.010926 0.011943
0 0.531745 0.692228 0.006643 0.010936
0 0.531969 0.725417 0.008115 0.012328
0 0.532159 0.535051 0.005862 0.011652
0 0.538578 0.577082 0.005861 0.011380
0 0.538937 0.765436 0.010177 0.013679
0 0.540936 0.903486 0.020856 0.012455
0 0.541985 0.449902 0.007385 0.014587
0 0.542958 0.698461 0.006508 0.010568
0 0.545134 0.254266 0.008488 0.012164
0 0.550126 0.684218 0.008130 0.013612
0 0.551534 0.154244 0.012687 0.011820
0 0.553177 0.784050 0.009556 0.011994
0 0.553186 0.108401 0.021133 0.014117
0 0.560543 0.677422 0.008114 0.013772
0 0.568575 0.098848 0.022878 0.013982
0 0.573313 0.705164 0.007993 0.012779
0 0.583149 0.160385 0.014887 0.014375
0 0.583316 0.853665 0.015642 0.013880
0 0.584858 0.076149 0.024266 0.011500
0 0.584900 0.352130 0.006590 0.011784
0 0.591667 0.006462 0.066879 0.013376
0 0.591775 0.135536 0.013093 0.010816
0 0.594614 0.062164 0.030812 0.011959
0 0.600366 0.678364 0.006674 0.011306
0 0.600572 0.407117 0.005628 0.010780
0 0.603003 0.952366 0.044689 0.013325
0 0.604419 0.048704 0.045451 0.013855
0 0.607200 0.056262 0.032852 0.011553
0 0.608021 0.825110 0.012719 0.013283
0 0.608929 0.239941 0.008844 0.012106
0 0.614505 0.548503 0.006502 0.012853
0 0.616071 0.737193 0.009483 0.013939
0 0.616572 0.382262 0.006512 0.012142
0 0.618290 0.229384 0.008340 0.011007
0 0.622192 0.616886 0.005995 0.011191
0 0.623336 0.102106 0.017190 0.010840
0 0.625058 0.555833 0.005651 0.011128
0 0.625435 0.735988 0.008796 0.012975
0 0.627210 0.662742 0.006131 0.010693
0 0.627726 0.382214 0.006535 0.012185
0 0.629289 0.469807 0.005334 0.010621
0 0.629926 0.770500 0.008720 0.011513
0 0.631126 0.706581 0.008138 0.012966
0 0.633489 0.668800 0.007264 0.012533
0 0.634419 0.159436 0.012648 0.012147
0 0.634422 0.919318 0.025204 0.012640
0 0.634802 0.775914 0.009282 0.012016
0 0.640872 0.202754 0.009798 0.011655
0 0.642032 0.730642 0.008917 0.013354
0 0.643396 0.805450 0.012515 0.014364
0 0.647917 0.975366 0.069848 0.013970
0 0.650133 0.888882 0.020921 0.014312
0 0.650226 0.681005 0.008059 0.013581
0 0.650479 0.752736 0.008409 0.011790
0 0.655720 0.770412 0.008283 0.010940
0 0.668377 0.631815 0.006534 0.011963
0 0.669022 0.263918 0.007090 0.010455
0 0.669581 0.911157 0.020367 0.011222
0 0.671878 0.026965 0.058142 0.011628
0 0.674372 0.663784 0.008248 0.014360
0 0.675886 0.752089 0.009425 0.013241
0 0.675966 0.672431 0.006386 0.010943
0 0.675973 0.735013 0.007518 0.011120
0 0.676127 0.459547 0.005568 0.011046
0 0.679208 0.944603 0.041658 0.014427
0 0.679357 0.261359 0.009758 0.014283
0 0.683727 0.240737 0.008552 0.011737
0 0.684073 0.214446 0.008346 0.010413
0 0.686703 0.921839 0.027403 0.013323
0 0.688259 0.167425 0.010701 0.010745
0 0.688406 0.086824 0.026272 0.014155
0 0.688469 0.757631 0.007833 0.010808
0 0.689364 0.965049 0.050649 0.011100
0 0.689536 0.820452 0.011528 0.012326
0 0.690076 0.677381 0.006858 0.011640
0 0.690794 0.614860 0.005941 0.011118
0 0.691889 0.912213 0.024070 0.013109
0 0.692858 0.100912 0.017990 0.011216
0 0.693288 0.433127 0.006800 0.013301
0 0.694441 0.313851 0.008371 0.013960
0 0.694519 0.661194 0.008305 0.014524
0 0.694748 0.500837 0.005350 0.010701
0 0.696743 0.639282 0.006036 0.010935
0 0.697622 0.116322 0.018371 0.013130
0 0.698273 0.779247 0.008579 0.010969
0 0.698397 0.813686 0.009752 0.010775
0 0.700839 0.639834 0.006030 0.010916
0 0.702398 0.248609 0.008676 0.012216
0 0.702632 0.793755 0.009577 0.011561
0 0.705485 0.463537 0.006751 0.013414
0 0.707260 0.720182 0.006968 0.010733
0 0.708247 0.821288 0.010681 0.011373
0 0.708309 0.675289 0.006626 0.011292
0 0.709233 0.364701 0.006917 0.012602
0 0.709357 0.476892 0.005265 0.010503
0 0.710099 0.607407 0.006603 0.012461
0 0.710987 0.854152 0.012977 0.011480
0 0.711081 0.527488 0.005511 0.010982
0 0.711482 0.743383 0.009243 0.013341
0 0.711747 0.559203 0.007407 0.014559
0 0.712422 0.094683 0.021128 0.012385
0 0.712800 0.718574 0.007322 0.011325
0 0.714301 0.675860 0.007009 0.011932
0 0.716082 0.385006 0.006591 0.012331
0 0.716249 0.248071 0.008010 0.011259
0 0.716701 0.786208 0.009485 0.011805
0 0.716768 0.222408 0.011281 0.014513
0 0.719947 0.365655 0.007089 0.012933
0 0.720437 0.591823 0.005503 0.010552
0 0.720626 0.520755 0.005522 0.011021
0 0.721555 0.712679 0.008153 0.012800
0 0.721958 0.722215 0.007425 0.011376
0 0.723417 0.894966 0.021009 0.013615
0 0.726053 0.389537 0.005535 0.010410
0 0.728749 0.691929 0.006490 0.010692
0 0.729257 0.326428 0.006834 0.011686
0 0.730966 0.801591 0.012029 0.014043
0 0.732529 0.753507 0.009870 0.013804
0 0.733701 0.535559 0.006289 0.012499
0 0.733997 0.601852 0.007546 0.014325
0 0.734213 0.737389 0.007389 0.010856
0 0.737694 0.121874 0.014987 0.011198
0 0.738136 0.954939 0.047172 0.013311
0 0.741844 0.804004 0.010916 0.012610
0 0.743188 0.588408 0.005734 0.011028
0 0.745124 0.613162 0.005564 0.010431
0 0.747300 0.109491 0.016396 0.011058
0 0.748367 0.353410 0.007006 0.012552
0 0.748679 0.514818 0.006710 0.013405
0 0.749001 0.542368 0.005412 0.010728
0 0.751657 0.825316 0.011833 0.012345
0 0.752822 0.421107 0.006184 0.011991
0 0.753375 0.312543 0.006258 0.010407
0 0.755701 0.794661 0.010022 0.012052
0 0.756724 0.698419 0.008982 0.014585
0 0.759326 0.663414 0.006995 0.012187
0 0.762827 0.700948 0.006544 0.010566
0 0.764621 0.334231 0.006000 0.010409
0 0.766667 0.428638 0.006652 0.012971
0 0.766740 0.733080 0.009151 0.013612
0 0.766786 0.827204 0.011391 0.011769
0 0.767670 0.644009 0.006505 0.011701
0 0.767923 0.482613 0.005594 0.011171
0 0.769680 0.443126 0.006109 0.012024
0 0.772088 0.674392 0.006270 0.010704
0 0.773691 0.467913 0.005950 0.011840
0 0.775006 0.383548 0.006670 0.012458
0 0.775114 0.361375 0.007506 0.013611
0 0.776080 0.405276 0.006329 0.012101
0 0.778544 0.446672 0.005373 0.010595
0 0.779561 0.648883 0.006941 0.012391
0 0.780541 0.757824 0.009333 0.012870
0 0.781063 0.533465 0.006049 0.012030
0 0.782433 0.771502 0.008557 0.011258
0 0.783956 0.634021 0.005803 0.010592
0 0.785442 0.475166 0.006894 0.013746
0 0.786824 0.447608 0.005714 0.011273
0 0.787145 0.438050 0.006920 0.013578
0 0.787179 0.589918 0.007274 0.013971
0 0.787507 0.467034 0.005328 0.010599
0 0.788077 0.358911 0.006247 0.011287
0 0.788388 0.602222 0.005673 0.010766
0 0.788857 0.796469 0.010473 0.012499
0 0.789865 0.718939 0.007069 0.010923
0 0.792172 0.211259 0.009303 0.011461
0 0.793577 0.739604 0.008846 0.012912
0 0.796437 0.828254 0.013270 0.013635
0 0.796790 0.460202 0.005726 0.011362
0 0.797420 0.335439 0.006581 0.011441
0 0.798281 0.784577 0.009639 0.012073
0 0.798836 0.691710 0.007337 0.012092
0 0.799377 0.450174 0.006069 0.011990
0 0.800669 0.492179 0.005914 0.011824
0 0.802320 0.433839 0.005583 0.010926
0 0.803706 0.343703 0.007173 0.012651
0 0.805526 0.543537 0.006280 0.012442
0 0.805704 0.528356 0.007141 0.014225
0 0.807759 0.615274 0.006546 0.012242
0 0.807979 0.364771 0.007535 0.013731
0 0.808083 0.896551 0.016650 0.010633
0 0.808873 0.723661 0.008311 0.012685
0 0.809722 0.941887 0.038694 0.014050
0 0.810697 0.578364 0.005403 0.010480
0 0.812667 0.951597 0.034237 0.010372
0 0.812717 0.831038 0.013195 0.013359
0 0.813213 0.295728 0.006549 0.010492
0 0.813677 0.507537 0.005371 0.010740
0 0.813961 0.516314 0.006315 0.012614
0 0.815326 0.484593 0.005539 0.011064
0 0.815339 0.681755 0.006319 0.010633
0 0.815696 0.708356 0.008197 0.013006
0 0.818837 0.518256 0.005997 0.011974
0 0.819391 0.357881 0.006994 0.012617
0 0.819432 0.476429 0.006080 0.012126
0 0.819667 0.021313 0.068749 0.013750
0 0.820504 0.626071 0.005935 0.010951
0 0.820552 0.760149 0.007961 0.010894
0 0.822167 0.886443 0.015904 0.011108
0 0.824861 0.542867 0.005277 0.010458
0 0.825512 0.374619 0.005915 0.010924
0 0.825626 0.339577 0.007712 0.013506
0 0.826970 0.646725 0.005869 0.010513
0 0.830216 0.419663 0.007219 0.013981
0 0.831697 0.500252 0.005480 0.010960
0 0.832705 0.385470 0.005671 0.010616
0 0.832867 0.139621 0.014442 0.012267
0 0.834727 0.472062 0.006695 0.013338
0 0.836736 0.774407 0.009089 0.011831
0 0.837780 0.637742 0.007338 0.013323
0 0.839459 0.538996 0.006930 0.013755
0 0.839532 0.162499 0.014543 0.014212
0 0.841035 0.515504 0.006385 0.012755
0 0.841189 0.555625 0.006094 0.012003
0 0.843271 0.295177 0.006650 0.010640
0 0.844187 0.563798 0.006531 0.012800
0 0.845816 0.299840 0.007759 0.012550
0 0.847187 0.514218 0.006172 0.012332
0 0.847456 0.756173 0.008304 0.011514
0 0.847473 0.824417 0.010935 0.011461
0 0.848718 0.432975 0.006265 0.012252
0 0.849719 0.498673 0.006632 0.013263
0 0.850195 0.294281 0.008173 0.013050
0 0.851337 0.223131 0.010093 0.013019
0 0.852077 0.702113 0.008636 0.013906
0 0.852204 0.765543 0.008571 0.011516
0 0.853510 0.489629 0.006129 0.012252
0 0.854501 0.449518 0.007263 0.014344
0 0.854569 0.741518 0.007788 0.011304
0 0.856258 0.642821 0.008024 0.014459
0 0.857799 0.502724 0.007278 0.014556
0 0.858387 0.356847 0.006052 0.010901
0 0.859674 0.273394 0.007942 0.012026
0 0.859919 0.759125 0.008031 0.011027
0 0.861722 0.472616 0.005444 0.010848
0 0.863025 0.726323 0.007804 0.011825
0 0.863079 0.657632 0.007348 0.012930
0 0.863667 0.870681 0.016467 0.013015
0 0.864512 0.403208 0.005878 0.011216
0 0.865171 0.673006 0.006430 0.011006
0 0.866305 0.478929 0.006901 0.013772
0 0.866674 0.503888 0.005469 0.010937
0 0.867609 0.553098 0.005388 0.010627
0 0.868161 0.429427 0.007468 0.014571
0 0.868436 0.167285 0.012129 0.012170
0 0.868667 0.046601 0.040063 0.011689
0 0.869884 0.479373 0.006272 0.012518
0 0.870536 0.657064 0.006088 0.010724
0 0.870562 0.203843 0.010919 0.013049
0 0.871022 0.183603 0.012960 0.014135
0 0.873101 0.526373 0.006684 0.013323
0 0.873359 0.420102 0.005368 0.010399
0 0.874178 0.553313 0.005654 0.011150
0 0.875191 0.810038 0.011006 0.012371
0 0.875204 0.377255 0.006382 0.011827
0 0.876060 0.484618 0.005548 0.011082
0 0.877004 0.663093 0.007651 0.013337
0 0.877583 0.597196 0.007567 0.014434
0 0.877861 0.769788 0.010665 0.014116
0 0.878244 0.400639 0.006645 0.012647
0 0.878826 0.526793 0.006100 0.012157
0 0.880108 0.708180 0.008182 0.012988
0 0.880806 0.185043 0.009803 0.010766
0 0.881131 0.564063 0.007259 0.014224
0 0.882744 0.220749 0.008834 0.011294
0 0.883304 0.385391 0.005864 0.010976
0 0.884696 0.173651 0.013179 0.013677
0 0.885048 0.530253 0.006360 0.012662
0 0.885640 0.784813 0.009488 0.011874
0 0.887164 0.578146 0.006942 0.013467
0 0.887472 0.082103 0.027473 0.014016
0 0.889059 0.612965 0.006227 0.011677
0 0.889822 0.776441 0.008587 0.011094
0 0.890839 0.523762 0.006180 0.012326
0 0.890969 0.538073 0.007169 0.014236
0 0.891059 0.758270 0.010214 0.014064
0 0.891312 0.604038 0.006054 0.011466
0 0.892395 0.594182 0.006743 0.012899
0 0.892404 0.531025 0.005530 0.011007
0 0.893311 0.741895 0.008768 0.012711
0 0.893972 0.863707 0.015663 0.013007
0 0.894606 0.680574 0.006908 0.011651
0 0.896085 0.770299 0.009728 0.012852
0 0.896116 0.202261 0.008982 0.010662
0 0.897470 0.371779 0.005765 0.010607
0 0.899142 0.689201 0.007837 0.012985
0 0.900227 0.736767 0.007786 0.011459
0 0.900955 0.779654 0.008530 0.010889
0 0.902921 0.722529 0.007847 0.012012
0 0.903191 0.552486 0.006978 0.013768
0 0.905310 0.761821 0.008987 0.012229
0 0.907014 0.538140 0.007178 0.014253
0 0.907138 0.302141 0.007058 0.011475
0 0.907517 0.182659 0.011176 0.012134
0 0.907974 0.227787 0.010419 0.013671
0 0.910654 0.662213 0.008183 0.014286
0 0.913646 0.480377 0.006983 0.013939
0 0.913888 0.642474 0.006881 0.012407
0 0.916962 0.443836 0.006303 0.012411
0 0.917903 0.761450 0.009301 0.012673
0 0.918225 0.139501 0.012434 0.010553
0 0.918351 0.213247 0.008968 0.011138
0 0.920206 0.671709 0.006751 0.011585
0 0.921449 0.574099 0.006952 0.013528
0 0.922111 0.884171 0.015022 0.010693
0 0.922444 0.358599 0.006671 0.012047
0 0.925843 0.276712 0.009014 0.013772
0 0.926237 0.658438 0.007736 0.013595
0 0.927553 0.420833 0.005539 0.010737
0 0.927754 0.479563 0.005342 0.010663
0 0.928677 0.009721 0.070799 0.014160
0 0.928951 0.458303 0.006070 0.012037
0 0.929991 0.649859 0.006956 0.012399
0 0.930852 0.185967 0.009656 0.010651
0 0.930932 0.511074 0.006906 0.013803
0 0.931382 0.493279 0.005395 0.010787
0 0.932757 0.216143 0.010471 0.013153
0 0.933137 0.706197 0.008893 0.014182
0 0.935834 0.761943 0.010082 0.013713
0 0.936982 0.668656 0.007469 0.012890
0 0.937147 0.525953 0.006387 0.012732
0 0.937168 0.612964 0.007211 0.013523
0 0.937974 0.536213 0.005284 0.010500
0 0.938840 0.632504 0.006418 0.011740
0 0.939556 0.116239 0.016065 0.011474
0 0.939843 0.294224 0.007773 0.012410
0 0.939858 0.391314 0.006561 0.012365
0 0.939999 0.548509 0.006145 0.012148
0 0.941007 0.140491 0.012590 0.010756
0 0.941111 0.866037 0.012878 0.010522
0 0.943481 0.171461 0.011886 0.012194
0 0.943500 0.048833 0.043001 0.013142
0 0.945236 0.225917 0.010322 0.013453
0 0.947537 0.530919 0.005489 0.010926
0 0.949066 0.433868 0.005312 0.010396
0 0.949594 0.176318 0.013090 0.013772
0 0.951089 0.468482 0.006043 0.012027
0 0.951124 0.714596 0.008495 0.013273
0 0.951277 0.639624 0.007451 0.013491
0 0.953278 0.571636 0.006499 0.012671
0 0.955472 0.916109 0.023802 0.012401
0 0.956744 0.774338 0.008156 0.010620
0 0.957742 0.531367 0.006304 0.012546
0 0.957881 0.730878 0.008700 0.013020
0 0.959354 0.243016 0.009207 0.012732
0 0.959874 0.749083 0.008275 0.011737
0 0.960177 0.738928 0.007564 0.011063
0 0.964401 0.336857 0.007487 0.013050
0 0.964490 0.625979 0.006310 0.011645
0 0.964833 0.321232 0.006194 0.010484
0 0.966051 0.637937 0.007770 0.014104
0 0.966139 0.882586 0.015661 0.011293
0 0.966500 0.069911 0.026441 0.011521
0 0.966714 0.840920 0.012115 0.011612
0 0.968310 0.766052 0.008443 0.011323
0 0.973049 0.269353 0.008026 0.012020
0 0.975606 0.813581 0.010021 0.011079
0 0.976984 0.497749 0.006707 0.013414
0 0.978235 0.485498 0.005493 0.010974
0 0.979947 0.390860 0.005822 0.010966
0 0.980747 0.431908 0.007139 0.013952
0 0.982739 0.790238 0.011486 0.014066
0 0.984052 0.462885 0.005844 0.011609
0 0.984312 0.239056 0.007838 0.010697
0 0.985428 0.819896 0.011446 0.012273
0 0.985482 0.374641 0.005861 0.010825
0 0.986694 0.610882 0.005722 0.010757
0 0.987518 0.480609 0.006219 0.012415
0 0.987829 0.576393 0.006267 0.012174
0 0.989361 0.101412 0.018682 0.011704
0 0.991250 0.083039 0.023726 0.012239
0 0.992891 0.518952 0.006182 0.012342
0 0.998276 0.251872 0.008591 0.012221
