0 0.001000 0.725726 0.003966 0.006020
0 0.001000 0.198048 0.005746 0.006698
0 0.001889 0.376798 0.003623 0.006710
0 0.002370 0.429678 0.002819 0.005502
0 0.002700 0.497382 0.002796 0.005592
0 0.004599 0.214205 0.005207 0.006491
0 0.004853 0.277978 0.003715 0.005695
0 0.005022 0.532130 0.002651 0.005275
0 0.005306 0.086454 0.011669 0.006261
0 0.005336 0.165297 0.006313 0.006266
0 0.005634 0.613919 0.003085 0.005779
0 0.006325 0.315721 0.003527 0.005905
0 0.006472 0.973582 0.032191 0.006438
0 0.006713 0.618730 0.002901 0.005404
0 0.006772 0.591817 0.002854 0.005473
0 0.007108 0.816331 0.005378 0.005868
0 0.007140 0.536604 0.003355 0.006665
0 0.007346 0.301894 0.004477 0.007275
0 0.008169 0.562798 0.003278 0.006429
0 0.008477 0.576119 0.002702 0.005250
0 0.008708 0.811508 0.004809 0.005368
0 0.009351 0.595337 0.003152 0.006024
0 0.010094 0.287917 0.003542 0.005569
0 0.010146 0.699399 0.003599 0.005832
0 0.010267 0.543777 0.002908 0.005762
0 0.010634 0.826555 0.005228 0.005419
0 0.011020 0.521656 0.003408 0.006801
0 0.012130 0.678156 0.003785 0.006415
0 0.012932 0.632827 0.002948 0.005390
0 0.012989 0.563938 0.003283 0.006435
0 0.013718 0.525179 0.003223 0.006426
0 0.013752 0.740876 0.004775 0.006944
0 0.013957 0.493939 0.002842 0.005683
0 0.014558 0.576463 0.003606 0.007005
0 0.014701 0.748244 0.003759 0.005346
0 0.015165 0.228921 0.004683 0.006169
0 0.015216 0.091404 0.011775 0.006670
0 0.015696 0.482669 0.003386 0.006761
0 0.016502 0.554874 0.003657 0.007206
0 0.016558 0.261351 0.004140 0.006060
0 0.017150 0.265054 0.003549 0.005250
0 0.017381 0.820080 0.005124 0.005489
0 0.017692 0.499924 0.003476 0.006951
0 0.017724 0.679018 0.003241 0.005484
0 0.018695 0.452759 0.002718 0.005377
0 0.019076 0.632890 0.003179 0.005812
0 0.019416 0.584029 0.003793 0.007324
0 0.019520 0.678435 0.003557 0.006026
0 0.019692 0.328258 0.003852 0.006610
0 0.020422 0.415423 0.002901 0.005598
0 0.020602 0.566011 0.003687 0.007215
0 0.020621 0.232371 0.004004 0.005340
0 0.020764 0.237988 0.004055 0.005514
0 0.020882 0.420124 0.002788 0.005401
0 0.021429 0.273352 0.003899 0.005904
0 0.021445 0.494598 0.002843 0.005685
0 0.021512 0.513097 0.002774 0.005543
0 0.021712 0.578087 0.002705 0.005248
0 0.022016 0.626483 0.003378 0.006229
0 0.022238 0.591911 0.003072 0.005890
0 0.022818 0.671521 0.003184 0.005466
0 0.023561 0.598729 0.003079 0.005863
0 0.023830 0.562969 0.003732 0.007319
0 0.024397 0.441826 0.002752 0.005412
0 0.024996 0.541184 0.002761 0.005476
0 0.025361 0.315224 0.003445 0.005761
0 0.026436 0.446087 0.002873 0.005664
0 0.026551 0.131250 0.007320 0.005867
0 0.026713 0.707855 0.003865 0.006140
0 0.027971 0.313077 0.003844 0.006400
0 0.027980 0.596467 0.003829 0.007309
0 0.027987 0.391204 0.002852 0.005373
0 0.028333 0.497455 0.003461 0.006922
0 0.029167 0.585722 0.002816 0.005429
0 0.029182 0.544119 0.002693 0.005335
0 0.029513 0.248711 0.004759 0.006703
0 0.029971 0.617260 0.003602 0.006720
0 0.030036 0.485846 0.002840 0.005674
0 0.030128 0.645853 0.003891 0.006979
0 0.030289 0.639830 0.003105 0.005620
0 0.030709 0.781453 0.004430 0.005617
0 0.031283 0.426095 0.002882 0.005609
0 0.031782 0.520297 0.002849 0.005686
0 0.032318 0.368016 0.003263 0.005973
0 0.032880 0.691601 0.004188 0.006904
0 0.033574 0.213008 0.005768 0.007157
0 0.033587 0.327431 0.004005 0.006861
0 0.034215 0.132901 0.006452 0.005232
0 0.034429 0.561814 0.002983 0.005854
0 0.034538 0.277592 0.003871 0.005928
0 0.034686 0.856103 0.005954 0.005201
0 0.034850 0.775917 0.004571 0.005917
0 0.035310 0.846034 0.006943 0.006458
0 0.035498 0.445495 0.003082 0.006074
0 0.036619 0.520792 0.002837 0.005662
0 0.036733 0.363662 0.002975 0.005412
0 0.037655 0.636922 0.003147 0.005721
0 0.038327 0.274092 0.004562 0.006921
0 0.039320 0.487203 0.002886 0.005767
0 0.039607 0.507273 0.003502 0.007002
0 0.039719 0.446093 0.003199 0.006307
0 0.042661 0.228096 0.004947 0.006499
0 0.043137 0.415163 0.002823 0.005448
0 0.044111 0.419499 0.002903 0.005621
0 0.044182 0.236292 0.003928 0.005311
0 0.044209 0.294237 0.004520 0.007217
0 0.044602 0.465476 0.002764 0.005495
0 0.045272 0.418104 0.003481 0.006733
0 0.046219 0.704339 0.003987 0.006387
0 0.046301 0.570243 0.002703 0.005274
0 0.046339 0.553346 0.003621 0.007141
0 0.048272 0.231811 0.004827 0.006425
0 0.049326 0.387557 0.003049 0.005721
0 0.049787 0.314209 0.003150 0.005258
0 0.050030 0.821955 0.004908 0.005209
0 0.050227 0.643469 0.003176 0.005718
0 0.050728 0.625018 0.003362 0.006212
0 0.050762 0.221069 0.005710 0.007308
0 0.051021 0.261287 0.004161 0.006090
0 0.051141 0.302331 0.003857 0.006274
0 0.051629 0.307499 0.003286 0.005407
0 0.051928 0.680652 0.003543 0.005975
0 0.052118 0.246296 0.004697 0.006565
0 0.052427 0.458001 0.003140 0.006224
0 0.053476 0.417722 0.003011 0.005822
0 0.053763 0.694290 0.003966 0.006499
0 0.054099 0.501163 0.002812 0.005623
0 0.054199 0.280448 0.004103 0.006330
0 0.056049 0.243132 0.004578 0.006333
0 0.056906 0.601360 0.003467 0.006586
0 0.057431 0.564214 0.003453 0.006766
0 0.058307 0.748757 0.005078 0.007210
0 0.058328 0.688742 0.003870 0.006419
0 0.058417 0.900299 0.011101 0.006841
0 0.058865 0.683028 0.003837 0.006440
0 0.059226 0.429098 0.003175 0.006193
0 0.059233 0.593480 0.003435 0.006575
0 0.062049 0.596261 0.002855 0.005451
0 0.063138 0.280561 0.003516 0.005426
0 0.064367 0.531937 0.002621 0.005216
0 0.064495 0.338173 0.003901 0.006816
0 0.064549 0.843469 0.006950 0.006563
0 0.065015 0.395255 0.003710 0.007021
0 0.065566 0.593590 0.003103 0.005939
0 0.066713 0.630584 0.003218 0.005902
0 0.067306 0.085107 0.010935 0.005778
0 0.068377 0.620382 0.003725 0.006923
0 0.068495 0.373453 0.002846 0.005248
0 0.069153 0.328678 0.003231 0.005548
0 0.069395 0.614510 0.003073 0.005753
0 0.069693 0.296553 0.003587 0.005758
0 0.070188 0.571299 0.003410 0.006649
0 0.070377 0.646487 0.003957 0.007090
0 0.071417 0.054488 0.015777 0.005375
0 0.072132 0.458616 0.003269 0.006483
0 0.073131 0.275433 0.003679 0.005601
0 0.073908 0.354705 0.003886 0.006976
0 0.073956 0.519104 0.003480 0.006948
0 0.074392 0.368083 0.003087 0.005651
0 0.074843 0.716749 0.003947 0.006133
0 0.075135 0.629642 0.003204 0.005883
0 0.075278 0.991326 0.030464 0.006093
0 0.075362 0.603029 0.003197 0.006062
0 0.075522 0.483373 0.003169 0.006329
0 0.075647 0.523484 0.002816 0.005617
0 0.076298 0.231963 0.004776 0.006361
0 0.076550 0.651462 0.003286 0.005842
0 0.077583 0.926667 0.011387 0.005201
0 0.078213 0.416941 0.003330 0.006435
0 0.080458 0.676844 0.003390 0.005761
0 0.080937 0.556375 0.002982 0.005871
0 0.081710 0.246252 0.004507 0.006299
0 0.082573 0.362423 0.003246 0.005896
0 0.082909 0.514517 0.002900 0.005795
0 0.083389 0.074054 0.011461 0.005285
0 0.083839 0.846958 0.006482 0.005996
0 0.083876 0.160061 0.006902 0.006652
0 0.084268 0.371793 0.003134 0.005767
0 0.084416 0.602555 0.002974 0.005642
0 0.085028 0.237777 0.004831 0.006564
0 0.085333 0.977406 0.030763 0.006153
0 0.085433 0.363848 0.003595 0.006543
0 0.086304 0.276278 0.003748 0.005719
0 0.086551 0.436939 0.002680 0.005256
0 0.086676 0.253248 0.003941 0.005630
0 0.087028 0.119509 0.008913 0.006537
0 0.087162 0.841676 0.006540 0.006241
0 0.087546 0.746398 0.004843 0.006926
0 0.087702 0.772520 0.005321 0.006974
0 0.087792 0.291581 0.004330 0.006870
0 0.088046 0.508363 0.002718 0.005434
0 0.088111 0.212733 0.005456 0.006762
0 0.088652 0.551918 0.003323 0.006557
0 0.088769 0.347335 0.003866 0.006860
0 0.089010 0.699853 0.003353 0.005427
0 0.089410 0.724328 0.003773 0.005749
0 0.089840 0.521069 0.003067 0.006120
0 0.090111 0.358377 0.002965 0.005353
0 0.090222 0.868026 0.007366 0.005934
0 0.090627 0.312298 0.003787 0.006296
0 0.091507 0.231479 0.005069 0.006740
0 0.092626 0.162391 0.006993 0.006830
0 0.092760 0.305988 0.003286 0.005389
0 0.092892 0.278922 0.004538 0.006974
0 0.092968 0.506306 0.003034 0.006067
0 0.093320 0.287429 0.003566 0.005599
0 0.093384 0.326930 0.003693 0.006320
0 0.093551 0.746090 0.004636 0.006636
0 0.095264 0.733747 0.003940 0.005849
0 0.095982 0.412342 0.003035 0.005841
0 0.096068 0.318244 0.004295 0.007227
0 0.096220 0.417518 0.003514 0.006794
0 0.096228 0.187139 0.005833 0.006471
0 0.096982 0.588857 0.002698 0.005186
0 0.098081 0.316326 0.003329 0.005579
0 0.098556 0.516273 0.002718 0.005430
0 0.098884 0.392775 0.003143 0.005933
0 0.099111 0.074108 0.012522 0.005778
0 0.099478 0.455854 0.002646 0.005241
0 0.100901 0.319938 0.004285 0.007235
0 0.101362 0.560963 0.002787 0.005472
0 0.101370 0.387934 0.003650 0.006852
0 0.101660 0.398774 0.003293 0.006256
0 0.101778 0.053574 0.020880 0.006995
0 0.101903 0.289096 0.003509 0.005533
0 0.102235 0.337176 0.003054 0.005326
0 0.102314 0.656266 0.003488 0.006151
0 0.102611 0.940399 0.018015 0.006707
0 0.102667 0.402074 0.003373 0.006430
0 0.102953 0.314969 0.003135 0.005241
0 0.103556 0.895422 0.011322 0.007306
0 0.103907 0.463613 0.003680 0.007312
0 0.104391 0.704268 0.003577 0.005730
0 0.104668 0.291703 0.003966 0.006294
0 0.104866 0.409759 0.002928 0.005622
0 0.105217 0.251311 0.004470 0.006348
0 0.105588 0.667620 0.003623 0.006264
0 0.105693 0.549116 0.002992 0.005913
0 0.107072 0.369182 0.003579 0.006562
0 0.108387 0.160475 0.005824 0.005627
0 0.109683 0.383421 0.003088 0.005765
0 0.110504 0.604443 0.003721 0.007045
0 0.110518 0.591815 0.003600 0.006903
0 0.110699 0.763733 0.004263 0.005763
0 0.110897 0.374451 0.003319 0.006128
0 0.111348 0.665831 0.003791 0.006575
0 0.111946 0.275207 0.004609 0.007013
0 0.112078 0.264982 0.003554 0.005257
0 0.112528 0.260535 0.004196 0.006127
0 0.113095 0.356987 0.003555 0.006404
0 0.113414 0.210282 0.004961 0.006088
0 0.113601 0.720300 0.003682 0.005669
0 0.116250 0.965050 0.030929 0.006778
0 0.117009 0.592200 0.002710 0.005194
0 0.117049 0.465077 0.003206 0.006374
0 0.117194 0.883604 0.008736 0.006247
0 0.117361 0.902502 0.009235 0.005569
0 0.117959 0.641206 0.003332 0.006019
0 0.118355 0.223981 0.004171 0.005397
0 0.119232 0.684896 0.003767 0.006299
0 0.119347 0.647483 0.003681 0.006586
0 0.119408 0.545649 0.003433 0.006795
0 0.119449 0.196937 0.005015 0.005817
0 0.119639 0.122355 0.007301 0.005475
0 0.119728 0.277542 0.003788 0.005799
0 0.121250 0.115707 0.007330 0.005212
0 0.121436 0.375225 0.003091 0.005713
0 0.121620 0.235898 0.004692 0.006335
0 0.122719 0.834893 0.005378 0.005332
0 0.122797 0.289073 0.003338 0.005263
0 0.122867 0.383399 0.003847 0.007183
0 0.123028 0.579344 0.002698 0.005228
0 0.123112 0.385719 0.002879 0.005390
0 0.123624 0.649236 0.003257 0.005811
0 0.123693 0.411863 0.002761 0.005311
0 0.124639 0.634568 0.003343 0.006097
0 0.125437 0.607283 0.002783 0.005253
0 0.125746 0.596569 0.003472 0.006627
0 0.125945 0.455056 0.002929 0.005800
0 0.126286 0.276806 0.003974 0.006073
0 0.127054 0.443262 0.003031 0.005966
0 0.127329 0.856014 0.007589 0.006634
0 0.127939 0.736078 0.003844 0.005668
0 0.128125 0.595298 0.003347 0.006396
0 0.130402 0.793571 0.005788 0.006992
0 0.130495 0.622446 0.002902 0.005379
0 0.130594 0.200779 0.006021 0.007102
0 0.131017 0.501476 0.002685 0.005370
0 0.131642 0.738508 0.003549 0.005196
0 0.132400 0.655909 0.004070 0.007184
0 0.132850 0.351412 0.003198 0.005711
0 0.132861 0.868321 0.008758 0.007041
0 0.134194 0.572439 0.003555 0.006926
0 0.134373 0.441802 0.002882 0.005667
0 0.134917 0.056913 0.014736 0.005242
0 0.134957 0.266488 0.004678 0.006950
0 0.135059 0.927478 0.013809 0.006238
0 0.135343 0.788402 0.005035 0.006212
0 0.135578 0.260743 0.004015 0.005867
0 0.136068 0.602960 0.003257 0.006175
0 0.136149 0.276261 0.003738 0.005704
0 0.136370 0.594352 0.003118 0.005964
0 0.137411 0.587588 0.003168 0.006097
0 0.137897 0.267016 0.003782 0.005627
0 0.138486 0.430497 0.003540 0.006912
0 0.138846 0.832867 0.005534 0.005548
0 0.139308 0.865408 0.008127 0.006670
0 0.139542 0.542442 0.003354 0.006648
0 0.139721 0.642957 0.003380 0.006090
0 0.139964 0.727529 0.003889 0.005874
0 0.140426 0.157317 0.006577 0.006240
0 0.141364 0.353166 0.003045 0.005453
0 0.141666 0.991438 0.034792 0.006958
0 0.141904 0.636465 0.003351 0.006095
0 0.142285 0.516023 0.003003 0.005998
0 0.142352 0.855925 0.006041 0.005284
0 0.142429 0.498853 0.003052 0.006104
0 0.142688 0.803259 0.004820 0.005586
0 0.144253 0.547741 0.002982 0.005898
0 0.144368 0.651257 0.003728 0.006630
0 0.144424 0.507737 0.002772 0.005542
0 0.146221 0.221281 0.004452 0.005703
0 0.146244 0.798952 0.004882 0.005765
0 0.146371 0.611269 0.003104 0.005833
0 0.146407 0.284650 0.004603 0.007179
0 0.146576 0.384187 0.003222 0.006023
0 0.147192 0.141065 0.006476 0.005554
0 0.148320 0.848514 0.005990 0.005489
0 0.148581 0.857262 0.006591 0.005715
0 0.149324 0.350061 0.003608 0.006429
0 0.149641 0.769522 0.004557 0.006037
0 0.149852 0.434258 0.002813 0.005507
0 0.150780 0.614911 0.003302 0.006179
0 0.151547 0.140744 0.007290 0.006238
0 0.151902 0.712304 0.003978 0.006251
0 0.152328 0.753764 0.004560 0.006371
0 0.152622 0.761135 0.004041 0.005512
0 0.152994 0.526522 0.002754 0.005489
0 0.153032 0.558854 0.003097 0.006089
0 0.153586 0.587638 0.002871 0.005525
0 0.153764 0.150471 0.006338 0.005772
0 0.153788 0.750427 0.004730 0.006680
0 0.154028 0.872057 0.009085 0.007108
0 0.154668 0.656324 0.002988 0.005270
0 0.155562 0.258575 0.004874 0.007076
0 0.156461 0.757516 0.003969 0.005480
0 0.156472 0.126541 0.008804 0.006817
0 0.156951 0.786601 0.004655 0.005784
0 0.157065 0.348487 0.003836 0.006820
0 0.158171 0.646217 0.003174 0.005690
0 0.159315 0.617373 0.002871 0.005356
0 0.159750 0.867595 0.008475 0.006849
0 0.160328 0.661906 0.003125 0.005458
0 0.161342 0.337256 0.003011 0.005252
0 0.162519 0.176501 0.005620 0.005918
0 0.163142 0.298222 0.003403 0.005483
0 0.163689 0.214796 0.004226 0.005281
0 0.164010 0.188164 0.005240 0.005841
0 0.165444 0.887630 0.007696 0.005321
0 0.165972 0.918404 0.010646 0.005398
0 0.166073 0.851264 0.006725 0.006059
0 0.167333 0.895870 0.009068 0.005827
0 0.168595 0.316095 0.004031 0.006754
0 0.170140 0.223241 0.004261 0.005499
0 0.171038 0.192862 0.005521 0.006289
0 0.171374 0.427842 0.003506 0.006832
0 0.173028 0.881857 0.008486 0.006155
0 0.173085 0.220738 0.005324 0.006806
0 0.173139 0.792552 0.004370 0.005301
0 0.173326 0.164552 0.006216 0.006145
0 0.173722 0.118476 0.007528 0.005475
0 0.173796 0.475962 0.002844 0.005671
0 0.173994 0.489297 0.003135 0.006267
0 0.174225 0.720213 0.004253 0.006551
0 0.174501 0.323829 0.003364 0.005723
0 0.176604 0.343828 0.004123 0.007274
0 0.177331 0.363637 0.003058 0.005564
0 0.177649 0.220629 0.004452 0.005689
0 0.178014 0.652255 0.003818 0.006780
0 0.178920 0.467396 0.002753 0.005476
0 0.178991 0.475317 0.003041 0.006064
0 0.180264 0.811305 0.005428 0.006065
0 0.181127 0.843022 0.006323 0.005987
0 0.182264 0.603047 0.003160 0.005993
0 0.182512 0.266202 0.003970 0.005894
0 0.186422 0.267777 0.004434 0.006610
0 0.186511 0.784308 0.004704 0.005898
0 0.186556 0.117209 0.007542 0.005430
0 0.187219 0.343752 0.003084 0.005440
0 0.187988 0.478010 0.002805 0.005597
0 0.188001 0.260389 0.004014 0.005859
0 0.188893 0.205731 0.005175 0.006234
0 0.190203 0.489491 0.002637 0.005271
0 0.190472 0.892842 0.008466 0.005593
0 0.190631 0.182392 0.005463 0.005924
0 0.191505 0.319639 0.003732 0.006297
0 0.191649 0.441347 0.003563 0.007005
0 0.192194 0.070240 0.011993 0.005250
0 0.192426 0.306945 0.003184 0.005233
0 0.192970 0.418690 0.003073 0.005946
0 0.193569 0.865086 0.006460 0.005314
0 0.193616 0.403942 0.003590 0.006856
0 0.193752 0.317419 0.003901 0.006553
0 0.194348 0.207804 0.004516 0.005486
0 0.195943 0.722841 0.003962 0.006060
0 0.195975 0.257812 0.003650 0.005287
0 0.197004 0.501751 0.003227 0.006454
0 0.197247 0.429011 0.003467 0.006761
0 0.197408 0.571194 0.003270 0.006377
0 0.197804 0.433068 0.003458 0.006763
0 0.198636 0.521224 0.003481 0.006947
0 0.199056 0.913196 0.012771 0.006879
0 0.199996 0.194948 0.005681 0.006531
0 0.200133 0.290077 0.003395 0.005367
0 0.200235 0.345317 0.003696 0.006536
0 0.203389 0.940344 0.017237 0.006423
0 0.204539 0.345706 0.003310 0.005857
0 0.205222 0.331832 0.003266 0.005642
0 0.206558 0.283118 0.004003 0.006218
0 0.207111 0.104445 0.010891 0.007019
0 0.207712 0.639727 0.003740 0.006771
0 0.208074 0.704233 0.004353 0.006975
0 0.208500 0.947897 0.016288 0.005309
0 0.208687 0.331374 0.003346 0.005775
0 0.208943 0.279097 0.003504 0.005386
0 0.208975 0.341313 0.003421 0.006009
0 0.209487 0.238658 0.004187 0.005707
0 0.210083 0.427188 0.003442 0.006705
0 0.210473 0.336677 0.003549 0.006184
0 0.210861 0.441959 0.002940 0.005782
0 0.210917 0.097201 0.010763 0.006471
0 0.210970 0.190411 0.006392 0.007200
0 0.211541 0.134061 0.006570 0.005372
0 0.213258 0.330203 0.003160 0.005442
0 0.214330 0.325659 0.003040 0.005191
0 0.214468 0.361868 0.003077 0.005583
0 0.215036 0.823489 0.005907 0.006220
0 0.216984 0.179844 0.006015 0.006441
0 0.217205 0.381481 0.002942 0.005481
0 0.218368 0.793792 0.004694 0.005665
0 0.218438 0.269743 0.004676 0.007011
0 0.218576 0.850147 0.006926 0.006283
0 0.220576 0.230021 0.005072 0.006709
0 0.221222 0.889748 0.008428 0.005722
0 0.221633 0.431462 0.003459 0.006757
0 0.223268 0.314912 0.003759 0.006283
0 0.224106 0.081743 0.010382 0.005274
0 0.224469 0.503099 0.003308 0.006616
0 0.225540 0.324206 0.003682 0.006269
0 0.227078 0.275333 0.003954 0.006018
0 0.227224 0.393873 0.003175 0.006001
0 0.228678 0.101583 0.011122 0.006979
0 0.229346 0.276888 0.003834 0.005860
0 0.230522 0.238821 0.004183 0.005704
0 0.230785 0.214903 0.005463 0.006828
0 0.231294 0.406691 0.002868 0.005491
0 0.231516 0.314059 0.003352 0.005593
0 0.233323 0.251022 0.004727 0.006706
0 0.234196 0.236274 0.003956 0.005348
0 0.235185 0.413400 0.003162 0.006091
0 0.236690 0.200259 0.004814 0.005665
0 0.237102 0.249931 0.004306 0.006088
0 0.237622 0.899225 0.010057 0.006262
0 0.238783 0.765639 0.004999 0.006714
0 0.240207 0.823754 0.006696 0.007042
0 0.241026 0.374993 0.003263 0.006029
0 0.242031 0.170877 0.007076 0.007237
0 0.242054 0.200377 0.005978 0.007040
0 0.242148 0.158428 0.006320 0.006035
0 0.243463 0.214832 0.004563 0.005703
0 0.244428 0.435052 0.003537 0.006926
0 0.245753 0.808758 0.006338 0.007166
0 0.246121 0.196356 0.005605 0.006485
0 0.246174 0.419233 0.003648 0.007062
0 0.246826 0.490117 0.003626 0.007249
0 0.247261 0.115631 0.009897 0.007033
0 0.247374 0.357944 0.003625 0.006540
0 0.247753 0.166521 0.006118 0.006113
0 0.248496 0.309405 0.003579 0.005912
0 0.251999 0.991677 0.030018 0.006004
0 0.252004 0.246474 0.003814 0.005334
0 0.252392 0.099062 0.009390 0.005751
0 0.252986 0.215899 0.004472 0.005611
0 0.253554 0.260314 0.004936 0.007203
0 0.253609 0.735144 0.004466 0.006604
0 0.254955 0.352718 0.003596 0.006436
0 0.255707 0.191849 0.005561 0.006304
0 0.256245 0.171887 0.005463 0.005617
0 0.258181 0.386518 0.002841 0.005325
0 0.258189 0.406686 0.002742 0.005250
0 0.259025 0.652923 0.003890 0.006900
0 0.259106 0.675217 0.004229 0.007209
0 0.261092 0.377080 0.003875 0.007179
0 0.261965 0.753576 0.003710 0.005188
0 0.262389 0.114897 0.007692 0.005433
0 0.263277 0.645812 0.003638 0.006527
0 0.264328 0.166111 0.007307 0.007285
0 0.264337 0.372983 0.003093 0.005700
0 0.264869 0.120121 0.007467 0.005503
0 0.266153 0.340234 0.003658 0.006414
0 0.266401 0.386035 0.003209 0.006011
0 0.267324 0.837618 0.005707 0.005573
0 0.270064 0.366328 0.003285 0.005999
0 0.270639 0.551184 0.003437 0.006785
0 0.270723 0.727086 0.003769 0.005699
0 0.271551 0.184105 0.005621 0.006146
0 0.272125 0.768486 0.004008 0.005330
0 0.272798 0.441790 0.002698 0.005305
0 0.273583 0.899603 0.009147 0.005675
0 0.275202 0.175412 0.006355 0.006655
0 0.275544 0.732588 0.004218 0.006282
0 0.276524 0.294560 0.003853 0.006156
0 0.276903 0.090149 0.011254 0.006290
0 0.278302 0.398661 0.003826 0.007267
0 0.279480 0.234415 0.004304 0.005781
0 0.279535 0.227287 0.004247 0.005563
0 0.279691 0.143718 0.007084 0.006182
0 0.279946 0.325471 0.003707 0.006327
0 0.280683 0.287857 0.003380 0.005314
0 0.280765 0.802679 0.005543 0.006440
0 0.281831 0.385249 0.002900 0.005426
0 0.284411 0.151734 0.007346 0.006741
0 0.286112 0.241140 0.004856 0.006674
0 0.286966 0.300847 0.003834 0.006215
0 0.288312 0.563230 0.003333 0.006536
0 0.289356 0.782368 0.005102 0.006446
0 0.290031 0.057701 0.015697 0.005660
0 0.290384 0.191581 0.005567 0.006303
0 0.290763 0.590770 0.003707 0.007115
0 0.293222 0.271781 0.004809 0.007250
0 0.293342 0.119791 0.007091 0.005212
0 0.294759 0.677693 0.003285 0.005572
0 0.296752 0.496983 0.002945 0.005890
0 0.297081 0.562569 0.003478 0.006821
0 0.297874 0.154766 0.006385 0.005967
0 0.298287 0.181745 0.005032 0.005439
0 0.299406 0.727732 0.003895 0.005880
0 0.302404 0.467014 0.003348 0.006661
0 0.304320 0.833708 0.005799 0.005787
0 0.304332 0.670780 0.003121 0.005365
0 0.305240 0.307986 0.003200 0.005270
0 0.306563 0.844348 0.006609 0.006209
0 0.307970 0.352855 0.003663 0.006557
0 0.308301 0.616431 0.002798 0.005226
0 0.308730 0.174670 0.006164 0.006430
0 0.308789 0.125039 0.009023 0.006908
0 0.310046 0.519229 0.003340 0.006669
0 0.310347 0.063761 0.016358 0.006509
0 0.311036 0.344924 0.003951 0.006983
0 0.311078 0.319953 0.003106 0.005245
0 0.312372 0.109491 0.007890 0.005322
0 0.312715 0.502696 0.002897 0.005795
0 0.316335 0.713129 0.004539 0.007118
0 0.317849 0.660950 0.004114 0.007199
0 0.318196 0.749506 0.004022 0.005696
0 0.320492 0.057751 0.019102 0.006893
0 0.321662 0.667722 0.003515 0.006076
0 0.322138 0.697177 0.003937 0.006412
0 0.323144 0.604024 0.003055 0.005787
0 0.323181 0.655722 0.003185 0.005623
0 0.324182 0.627784 0.003260 0.006001
0 0.325054 0.668028 0.004008 0.006925
0 0.325478 0.521873 0.002633 0.005253
0 0.325498 0.203124 0.006120 0.007291
0 0.328229 0.603908 0.003610 0.006838
0 0.328681 0.655331 0.003508 0.006196
0 0.329861 0.526723 0.003371 0.006718
0 0.330139 0.937105 0.015089 0.005924
0 0.330717 0.629006 0.003964 0.007285
0 0.332989 0.646358 0.003576 0.006409
0 0.333379 0.614476 0.003162 0.005920
0 0.333779 0.636624 0.003549 0.006454
0 0.334766 0.668557 0.003713 0.006409
0 0.334944 0.937977 0.016880 0.006537
0 0.335595 0.710596 0.004276 0.006748
0 0.337050 0.555775 0.003015 0.005937
0 0.338036 0.683856 0.003618 0.006062
0 0.339847 0.070093 0.012250 0.005351
0 0.339964 0.807993 0.005236 0.005940
0 0.340214 0.947255 0.019552 0.006450
0 0.341422 0.684803 0.003177 0.005312
0 0.341695 0.633107 0.003963 0.007243
0 0.342328 0.589318 0.003049 0.005860
0 0.344051 0.651334 0.004018 0.007146
0 0.344658 0.820750 0.006063 0.006473
0 0.345518 0.171186 0.005564 0.005700
0 0.349006 0.685912 0.003843 0.006412
0 0.349007 0.705665 0.003615 0.005773
0 0.349994 0.719134 0.004067 0.006281
0 0.352084 0.695431 0.004013 0.006561
0 0.353739 0.914696 0.011606 0.006147
0 0.354321 0.595506 0.003329 0.006360
0 0.356379 0.762578 0.004343 0.005894
0 0.358760 0.434101 0.003712 0.007266
0 0.358911 0.643651 0.003032 0.005456
0 0.359509 0.559277 0.002794 0.005492
0 0.361556 0.370806 0.003680 0.006763
0 0.361834 0.667894 0.003406 0.005886
0 0.362072 0.874751 0.008244 0.006322
0 0.362348 0.722477 0.003540 0.005420
0 0.363699 0.727642 0.004036 0.006094
0 0.365456 0.916862 0.012144 0.006272
0 0.365511 0.720401 0.003411 0.005252
0 0.365947 0.959437 0.023872 0.006068
0 0.365990 0.635059 0.003844 0.007007
0 0.367111 0.658756 0.003810 0.006692
0 0.368033 0.368352 0.003862 0.007074
0 0.369785 0.628664 0.003117 0.005733
0 0.372614 0.771179 0.004602 0.006061
0 0.372756 0.905805 0.010108 0.005895
0 0.376642 0.035230 0.028235 0.006237
0 0.376800 0.923141 0.012668 0.006058
0 0.377339 0.928111 0.012372 0.005541
0 0.379004 0.207194 0.005981 0.007248
0 0.380393 0.724816 0.003537 0.005381
0 0.384470 0.827048 0.006637 0.006863
0 0.384925 0.020158 0.031415 0.006283
0 0.387006 0.038280 0.024559 0.005893
0 0.387144 0.915541 0.012138 0.006366
0 0.388278 0.245831 0.005089 0.007102
0 0.389370 0.586214 0.003107 0.005987
0 0.389506 0.727654 0.003654 0.005518
0 0.390791 0.824361 0.006205 0.006505
0 0.392423 0.725532 0.003904 0.005929
0 0.394175 0.882688 0.007777 0.005604
0 0.394457 0.454986 0.002694 0.005334
0 0.400562 0.773204 0.004490 0.005871
0 0.402837 0.402226 0.003391 0.006465
0 0.404641 0.229364 0.005128 0.006768
0 0.405100 0.799508 0.004609 0.005430
0 0.407936 0.922293 0.011386 0.005504
0 0.409364 0.797107 0.004570 0.005440
0 0.410077 0.787796 0.004419 0.005465
0 0.410194 0.891732 0.007933 0.005293
0 0.412322 0.075672 0.013055 0.006149
0 0.412642 0.881687 0.007194 0.005225
0 0.413891 0.814969 0.004768 0.005236
0 0.416669 0.770627 0.004037 0.005327
0 0.418218 0.852382 0.006768 0.006055
0 0.418978 0.413246 0.003095 0.005962
0 0.420123 0.809592 0.004697 0.005290
0 0.421651 0.202963 0.005665 0.006745
0 0.421839 0.858701 0.006549 0.005625
0 0.422542 0.880510 0.007729 0.005668
0 0.423835 0.592594 0.003218 0.006165
0 0.424252 0.743229 0.004050 0.005848
0 0.424463 0.224584 0.005627 0.007297
0 0.424533 0.074916 0.015597 0.007274
0 0.426110 0.501942 0.003522 0.007044
0 0.426725 0.027789 0.033758 0.006752
0 0.428736 0.591233 0.002797 0.005366
0 0.429014 0.871010 0.008853 0.006981
0 0.429703 0.747796 0.003719 0.005296
0 0.429980 0.731356 0.003727 0.005570
0 0.430442 0.607735 0.003339 0.006300
0 0.432270 0.513007 0.003599 0.007192
0 0.432343 0.686115 0.003226 0.005381
0 0.434606 0.704484 0.003627 0.005808
0 0.439450 0.878853 0.007568 0.005622
0 0.440517 0.900638 0.009861 0.006057
0 0.441757 0.356851 0.002888 0.005201
0 0.442031 0.103318 0.008160 0.005205
0 0.446932 0.796941 0.004618 0.005500
0 0.447466 0.147866 0.007549 0.006764
0 0.450099 0.758003 0.004412 0.006081
0 0.450482 0.732548 0.003872 0.005768
0 0.450883 0.701957 0.004400 0.007087
0 0.452135 0.598679 0.003811 0.007258
0 0.452225 0.607149 0.003561 0.006722
0 0.453451 0.644771 0.002960 0.005318
0 0.453686 0.626311 0.002830 0.005220
0 0.454655 0.729777 0.004085 0.006132
0 0.455091 0.709884 0.003758 0.005940
0 0.456037 0.788091 0.004843 0.005982
0 0.458119 0.922361 0.014109 0.006815
0 0.459603 0.549334 0.002700 0.005336
0 0.461206 0.913664 0.012531 0.006714
0 0.461731 0.891466 0.008993 0.006015
0 0.461915 0.719056 0.004386 0.006776
0 0.462229 0.698269 0.004018 0.006527
0 0.463531 0.351718 0.003303 0.005901
0 0.463729 0.672868 0.004082 0.006990
0 0.464864 0.885700 0.008431 0.005926
0 0.466246 0.768697 0.004053 0.005386
0 0.466328 0.852148 0.007711 0.006909
0 0.466686 0.721692 0.003392 0.005204
0 0.470558 0.944348 0.020120 0.007000
0 0.471259 0.853529 0.007186 0.006382
0 0.472747 0.160261 0.007208 0.006955
0 0.472843 0.699373 0.004106 0.006653
0 0.474677 0.858844 0.006052 0.005193
0 0.475846 0.709437 0.003433 0.005433
0 0.475906 0.735508 0.004822 0.007122
0 0.477349 0.565688 0.003179 0.006223
0 0.477814 0.755403 0.003913 0.005439
0 0.477956 0.750092 0.004171 0.005898
0 0.478445 0.680078 0.003506 0.005920
0 0.479155 0.499110 0.002685 0.005369
0 0.479789 0.552887 0.002731 0.005387
0 0.480524 0.484848 0.002625 0.005244
0 0.484199 0.641836 0.002893 0.005220
0 0.485292 0.872001 0.007169 0.005611
0 0.485982 0.808902 0.004801 0.005424
0 0.487305 0.498855 0.003274 0.006548
0 0.487606 0.803875 0.005196 0.006005
0 0.487628 0.589033 0.003702 0.007116
0 0.489035 0.763196 0.004395 0.005953
0 0.489078 0.959012 0.023779 0.006107
0 0.490096 0.937449 0.016909 0.006603
0 0.491492 0.132571 0.007177 0.005807
0 0.491573 0.833937 0.006102 0.006082
0 0.492928 0.682949 0.004014 0.006738
0 0.493786 0.766536 0.004924 0.006593
0 0.494051 0.717197 0.004573 0.007098
0 0.494130 0.531688 0.003434 0.006834
0 0.494235 0.515091 0.002854 0.005702
0 0.495028 0.870348 0.008784 0.006959
0 0.495991 0.927957 0.014040 0.006301
0 0.496173 0.705030 0.003903 0.006242
0 0.498506 0.150364 0.006278 0.005713
0 0.498568 0.508507 0.003666 0.007329
0 0.498950 0.712226 0.004197 0.006596
0 0.500043 0.779192 0.004927 0.006300
0 0.500350 0.122407 0.007221 0.005418
0 0.500686 0.110198 0.008100 0.005497
0 0.500738 0.789503 0.005386 0.006616
0 0.501161 0.854542 0.005881 0.005190
0 0.501466 0.616528 0.002865 0.005351
0 0.502289 0.301042 0.003787 0.006142
0 0.502612 0.755708 0.003839 0.005330
0 0.503547 0.603240 0.003036 0.005756
0 0.504068 0.329531 0.004217 0.007253
0 0.504572 0.774282 0.005625 0.007325
0 0.505129 0.709342 0.004011 0.006348
0 0.505556 0.036883 0.031686 0.007327
0 0.506026 0.819383 0.006432 0.006914
0 0.506476 0.070659 0.013513 0.005950
0 0.506949 0.597011 0.002873 0.005482
0 0.507943 0.825737 0.005290 0.005507
0 0.508205 0.779822 0.004494 0.005733
0 0.508212 0.616578 0.003036 0.005670
0 0.508975 0.158792 0.007289 0.006975
0 0.509407 0.802530 0.005922 0.006885
0 0.509791 0.713078 0.003422 0.005366
0 0.509886 0.686282 0.003278 0.005466
0 0.510442 0.763969 0.004629 0.006253
0 0.510493 0.794602 0.004566 0.005492
0 0.510631 0.824076 0.005503 0.005778
0 0.512793 0.854197 0.007976 0.007054
0 0.513238 0.923102 0.014720 0.007043
0 0.513323 0.607043 0.003091 0.005836
0 0.513417 0.817813 0.005958 0.006454
0 0.513928 0.847694 0.006627 0.006103
0 0.513997 0.173002 0.005723 0.005919
0 0.514120 0.615112 0.003122 0.005839
0 0.515999 0.600500 0.003363 0.006394
0 0.516051 0.544725 0.003015 0.005971
0 0.516154 0.592219 0.003096 0.005934
0 0.516236 0.522096 0.002662 0.005310
0 0.517902 0.937342 0.017101 0.006689
0 0.519522 0.825871 0.006115 0.006362
0 0.519917 0.854257 0.007038 0.006222
0 0.520956 0.730923 0.003858 0.005774
0 0.521025 0.615575 0.003891 0.007275
0 0.521762 0.845026 0.005991 0.005606
0 0.524218 0.069477 0.015740 0.006817
0 0.524394 0.808051 0.005672 0.006433
0 0.524583 0.470459 0.002869 0.005714
0 0.524792 0.281444 0.003592 0.005557
0 0.524802 0.668081 0.003038 0.005249
0 0.525178 0.640624 0.004036 0.007298
0 0.525225 0.419798 0.003608 0.006988
0 0.525967 0.672654 0.003422 0.005862
0 0.526148 0.607042 0.003284 0.006200
0 0.527882 0.755066 0.003941 0.005484
0 0.527903 0.950014 0.021909 0.006853
0 0.528196 0.490109 0.003044 0.006085
0 0.529193 0.832612 0.006070 0.006094
0 0.529456 0.962526 0.029000 0.006812
0 0.529547 0.229272 0.004392 0.005794
0 0.529595 0.645212 0.003299 0.005922
0 0.529696 0.668003 0.003568 0.006165
0 0.529720 0.283801 0.003729 0.005802
0 0.530134 0.690964 0.003219 0.005313
0 0.530153 0.934083 0.016860 0.006933
0 0.530272 0.094675 0.008881 0.005206
0 0.530858 0.957234 0.019895 0.005330
0 0.531831 0.865808 0.008148 0.006668
0 0.531854 0.685089 0.004092 0.006838
0 0.532475 0.939523 0.014528 0.005487
0 0.532921 0.470637 0.003587 0.007143
0 0.534427 0.557803 0.002791 0.005490
0 0.535658 0.895307 0.010613 0.006856
0 0.536260 0.538914 0.003003 0.005960
0 0.537749 0.708527 0.003317 0.005261
0 0.537839 0.126897 0.006880 0.005341
0 0.538194 0.825245 0.006652 0.006943
0 0.538602 0.542719 0.003223 0.006388
0 0.538667 0.867650 0.006519 0.005266
0 0.538707 0.851206 0.006599 0.005947
0 0.539329 0.437729 0.003559 0.006981
0 0.541011 0.772497 0.004902 0.006426
0 0.542613 0.523267 0.003485 0.006952
0 0.542881 0.165593 0.006136 0.006101
0 0.545572 0.861664 0.007022 0.005913
0 0.545883 0.419954 0.002779 0.005384
0 0.545901 0.665701 0.003541 0.006144
0 0.546248 0.529174 0.003399 0.006769
0 0.547937 0.697825 0.004445 0.007228
0 0.548055 0.148559 0.007729 0.006956
0 0.548150 0.708202 0.003286 0.005215
0 0.548413 0.620402 0.003459 0.006430
0 0.548639 0.739942 0.004317 0.006295
0 0.549000 0.678609 0.003938 0.006669
0 0.549078 0.655039 0.003041 0.005375
0 0.549852 0.810642 0.005291 0.005930
0 0.550766 0.745106 0.004844 0.006955
0 0.551349 0.827199 0.005138 0.005309
0 0.551482 0.837329 0.005434 0.005315
0 0.551880 0.678356 0.003335 0.005650
0 0.552140 0.698468 0.003785 0.006145
0 0.552274 0.543423 0.003353 0.006644
0 0.552685 0.589779 0.003506 0.006735
0 0.552831 0.631579 0.002883 0.005280
0 0.553227 0.488979 0.002642 0.005280
0 0.553737 0.645623 0.003014 0.005408
0 0.554957 0.625917 0.003776 0.006969
0 0.555729 0.492028 0.002715 0.005428
0 0.555772 0.689100 0.004218 0.006990
0 0.555772 0.845865 0.006476 0.006030
0 0.555828 0.617484 0.003202 0.005973
0 0.555861 0.912686 0.012044 0.006525
0 0.556056 0.558923 0.002814 0.005531
0 0.556129 0.223399 0.004796 0.006193
0 0.556396 0.794427 0.005573 0.006708
0 0.557237 0.837187 0.005385 0.005271
0 0.558768 0.557142 0.002830 0.005569
0 0.558976 0.829222 0.005912 0.006044
0 0.559494 0.694208 0.004010 0.006573
0 0.559843 0.654621 0.003192 0.005646
0 0.559958 0.640884 0.003915 0.007075
0 0.560138 0.148782 0.005814 0.005239
0 0.560861 0.703901 0.003680 0.005901
0 0.561293 0.805921 0.005360 0.006139
0 0.561794 0.774168 0.005521 0.007193
0 0.561870 0.762419 0.003956 0.005372
0 0.561957 0.731817 0.003738 0.005580
0 0.562937 0.523674 0.002943 0.005870
0 0.564099 0.676064 0.003593 0.006115
0 0.564099 0.676064 0.003593 0.006115
0 0.565387 0.727935 0.003913 0.005904
0 0.565419 0.936740 0.013781 0.005442
0 0.565791 0.774396 0.005192 0.006759
0 0.566439 0.141551 0.006732 0.005792
0 0.567400 0.885562 0.008477 0.005965
0 0.567453 0.613049 0.002775 0.005203
0 0.568621 0.757692 0.004410 0.006085
0 0.570519 0.611017 0.003169 0.005957
0 0.570686 0.946944 0.019484 0.006465
0 0.571908 0.916300 0.012030 0.006254
0 0.574061 0.054136 0.019112 0.006470
0 0.575576 0.840772 0.006613 0.006344
0 0.576041 0.822753 0.004965 0.005248
0 0.576542 0.031027 0.032751 0.006550
0 0.576628 0.894541 0.009382 0.006104
0 0.578558 0.249709 0.005162 0.007293
0 0.578961 0.900652 0.010065 0.006181
0 0.579686 0.113173 0.008883 0.006184
0 0.580078 0.131822 0.008024 0.006457
0 0.582461 0.710916 0.003937 0.006207
0 0.582529 0.739886 0.003827 0.005582
0 0.583353 0.735936 0.003538 0.005219
0 0.583613 0.639106 0.002952 0.005350
0 0.585017 0.262666 0.003782 0.005557
0 0.585386 0.791894 0.005814 0.007072
0 0.586829 0.401976 0.002977 0.005675
0 0.587238 0.380431 0.003051 0.005676
0 0.587471 0.760368 0.003962 0.005418
0 0.588051 0.816635 0.005493 0.005984
0 0.588940 0.847710 0.005975 0.005502
0 0.589564 0.747817 0.005038 0.007174
0 0.589998 0.354782 0.003065 0.005504
0 0.590128 0.486641 0.002854 0.005702
0 0.590494 0.810979 0.004659 0.005214
0 0.590642 0.925032 0.012991 0.006063
0 0.591295 0.371447 0.003398 0.006249
0 0.591644 0.525488 0.002833 0.005647
0 0.591871 0.715276 0.004307 0.006718
0 0.592041 0.344566 0.003920 0.006924
0 0.592600 0.514193 0.003422 0.006837
0 0.592808 0.354752 0.002982 0.005354
0 0.593628 0.906554 0.012170 0.007043
0 0.596187 0.365399 0.003833 0.006990
0 0.596232 0.856322 0.006297 0.005494
0 0.596389 0.333528 0.003557 0.006163
0 0.596581 0.392106 0.003707 0.006992
0 0.597437 0.153941 0.007102 0.006605
0 0.597974 0.643832 0.003007 0.005411
0 0.598735 0.705136 0.003861 0.006173
0 0.598821 0.845171 0.007369 0.006890
0 0.599349 0.400666 0.003241 0.006169
0 0.599414 0.112158 0.009209 0.006356
0 0.599629 0.839187 0.006990 0.006767
0 0.600551 0.770623 0.004696 0.006197
0 0.601709 0.756914 0.004729 0.006541
0 0.601861 0.510554 0.003408 0.006813
0 0.602236 0.312978 0.004210 0.007008
0 0.602254 0.546664 0.003357 0.006642
0 0.602585 0.807665 0.005050 0.005738
0 0.602897 0.652994 0.003156 0.005596
0 0.603055 0.343788 0.003571 0.006299
0 0.603516 0.266472 0.004248 0.006311
0 0.604694 0.928368 0.013010 0.005806
0 0.605165 0.560646 0.002714 0.005329
0 0.605975 0.102826 0.009478 0.006018
0 0.606809 0.555064 0.003040 0.005989
0 0.607429 0.736657 0.004490 0.006611
0 0.608061 0.375064 0.003238 0.005984
0 0.608705 0.364905 0.003047 0.005552
0 0.609742 0.325391 0.003448 0.005885
0 0.610205 0.168815 0.005127 0.005187
0 0.611000 0.724386 0.003772 0.005746
0 0.611057 0.460739 0.003178 0.006307
0 0.611207 0.590231 0.003262 0.006264
0 0.611553 0.354234 0.003226 0.005787
0 0.611580 0.599266 0.003084 0.005870
0 0.611819 0.374901 0.003256 0.006016
0 0.612769 0.424151 0.002838 0.005517
0 0.613401 0.438144 0.003006 0.005900
0 0.614641 0.770207 0.003978 0.005258
0 0.616166 0.776382 0.004802 0.006206
0 0.616439 0.075427 0.015167 0.007121
0 0.617036 0.170274 0.006009 0.006126
0 0.617365 0.771497 0.004300 0.005657
0 0.617697 0.107318 0.008062 0.005334
0 0.617845 0.545678 0.002704 0.005352
0 0.618164 0.826862 0.006267 0.006486
0 0.618401 0.326371 0.003350 0.005728
0 0.618579 0.429229 0.003134 0.006114
0 0.619535 0.320747 0.004049 0.006847
0 0.619717 0.934894 0.014476 0.005881
0 0.620374 0.506731 0.003011 0.006020
0 0.620509 0.338563 0.003158 0.005521
0 0.621032 0.770352 0.004343 0.005738
0 0.621306 0.215360 0.004747 0.005944
0 0.622496 0.566651 0.003724 0.007285
0 0.624572 0.656697 0.003008 0.005302
0 0.624600 0.846662 0.006785 0.006287
0 0.624874 0.449086 0.003266 0.006449
0 0.624989 0.570627 0.002749 0.005363
0 0.625186 0.085885 0.010881 0.005801
0 0.627756 0.068210 0.015098 0.006421
0 0.628414 0.789323 0.005125 0.006300
0 0.628911 0.746418 0.004509 0.006449
0 0.629195 0.556929 0.003122 0.006144
0 0.629488 0.329412 0.003077 0.005291
0 0.630150 0.123742 0.006920 0.005245
0 0.630616 0.307166 0.003780 0.006215
0 0.630744 0.975470 0.029628 0.005926
0 0.632192 0.606901 0.003492 0.006594
0 0.632267 0.843358 0.006079 0.005744
0 0.632401 0.292218 0.004513 0.007170
0 0.632734 0.195604 0.004693 0.005412
0 0.633887 0.381033 0.003265 0.006080
0 0.634005 0.730854 0.003832 0.005735
0 0.635420 0.414758 0.002727 0.005260
0 0.635836 0.657397 0.003355 0.005906
0 0.636018 0.689942 0.003486 0.005768
0 0.636248 0.836212 0.006061 0.005966
0 0.636770 0.708559 0.003542 0.005617
0 0.636846 0.704320 0.004038 0.006469
0 0.637042 0.046673 0.018899 0.005523
0 0.637286 0.319491 0.003666 0.006184
0 0.637381 0.184309 0.005643 0.006176
0 0.637736 0.613489 0.002908 0.005450
0 0.639656 0.116182 0.008017 0.005723
0 0.639716 0.157016 0.005918 0.005604
0 0.640844 0.121401 0.008596 0.006399
0 0.643052 0.340429 0.003645 0.006394
0 0.643461 0.916008 0.013437 0.007009
0 0.643521 0.419054 0.003116 0.006032
0 0.643532 0.336244 0.003655 0.006364
0 0.644827 0.840346 0.005591 0.005376
0 0.644844 0.759451 0.004585 0.006289
0 0.646234 0.263318 0.004709 0.006932
0 0.646613 0.284741 0.004576 0.007138
0 0.646637 0.431791 0.003122 0.006101
0 0.647168 0.456219 0.002689 0.005327
0 0.647303 0.919068 0.010966 0.005517
0 0.647567 0.568897 0.002659 0.005195
0 0.648364 0.126143 0.006741 0.005204
0 0.648593 0.447214 0.003362 0.006633
0 0.649049 0.652570 0.003600 0.006389
0 0.649056 0.065817 0.017211 0.007067
0 0.649808 0.744494 0.003951 0.005684
0 0.649937 0.755408 0.003788 0.005265
0 0.652456 0.271711 0.004362 0.006574
0 0.653206 0.036273 0.027088 0.006160
0 0.654216 0.779858 0.005020 0.006403
0 0.654415 0.330051 0.003895 0.006705
0 0.656889 0.868437 0.008671 0.006966
0 0.657787 0.857918 0.006230 0.005379
0 0.658374 0.610449 0.003264 0.006138
0 0.658478 0.693583 0.004366 0.007167
0 0.659701 0.255491 0.004237 0.006095
0 0.660364 0.486481 0.003352 0.006698
0 0.660508 0.792600 0.004628 0.005614
0 0.660535 0.532661 0.002637 0.005246
0 0.660896 0.526186 0.002920 0.005820
0 0.662342 0.279557 0.003827 0.005891
0 0.662447 0.331062 0.003351 0.005780
0 0.662563 0.821981 0.006137 0.006512
0 0.662927 0.673284 0.003449 0.005900
0 0.663344 0.196499 0.004550 0.005268
0 0.664379 0.801142 0.005908 0.006911
0 0.664469 0.809526 0.005017 0.005653
0 0.665767 0.235818 0.004424 0.005972
0 0.666339 0.362989 0.002938 0.005341
0 0.666501 0.815737 0.005800 0.006346
0 0.666534 0.771168 0.003954 0.005208
0 0.667271 0.349189 0.003074 0.005471
0 0.667533 0.664003 0.003067 0.005337
0 0.668034 0.489486 0.002881 0.005759
0 0.668318 0.175796 0.005653 0.005932
0 0.668540 0.571178 0.003115 0.006074
0 0.668728 0.757360 0.004283 0.005915
0 0.668863 0.780188 0.004195 0.005344
0 0.671813 0.377768 0.003430 0.006360
0 0.671896 0.337574 0.003150 0.005498
0 0.672448 0.255836 0.003666 0.005279
0 0.672800 0.511989 0.002716 0.005429
0 0.673372 0.691447 0.004164 0.006867
0 0.673530 0.526439 0.003018 0.006016
0 0.673868 0.196674 0.004803 0.005565
0 0.675108 0.902059 0.008875 0.005376
0 0.675108 0.567362 0.003304 0.006460
0 0.675404 0.518377 0.002606 0.005203
0 0.675597 0.830147 0.006424 0.006535
0 0.676456 0.756949 0.003850 0.005324
0 0.677181 0.128206 0.008907 0.006983
0 0.677297 0.497814 0.003504 0.007008
0 0.677779 0.764520 0.004962 0.006690
0 0.677928 0.443247 0.002947 0.005800
0 0.678288 0.515699 0.002853 0.005700
0 0.678908 0.649133 0.003856 0.006882
0 0.679113 0.283720 0.003425 0.005329
0 0.679602 0.739229 0.004710 0.006883
0 0.680379 0.602762 0.003160 0.005993
0 0.680534 0.278026 0.004524 0.006936
0 0.681344 0.779012 0.004190 0.005361
0 0.681509 0.712024 0.004108 0.006459
0 0.681565 0.510673 0.003292 0.006581
0 0.682437 0.675084 0.003138 0.005350
0 0.682544 0.649819 0.003546 0.006320
0 0.682549 0.760009 0.004390 0.006010
0 0.683427 0.502842 0.002707 0.005414
0 0.684289 0.062501 0.014677 0.005727
0 0.684347 0.160377 0.006043 0.005835
0 0.684550 0.517641 0.003115 0.006220
0 0.684906 0.071532 0.013501 0.006017
0 0.685709 0.505728 0.003526 0.007052
0 0.685864 0.544138 0.002713 0.005373
0 0.686824 0.719397 0.003787 0.005846
0 0.687057 0.686308 0.004071 0.006786
0 0.687108 0.733093 0.004166 0.006196
0 0.687682 0.501431 0.003520 0.007039
0 0.687716 0.517792 0.002681 0.005354
0 0.688291 0.846791 0.006856 0.006348
0 0.688951 0.711743 0.004240 0.006672
0 0.689981 0.646871 0.003884 0.006955
0 0.690106 0.521154 0.003150 0.006286
0 0.690456 0.070757 0.013360 0.005891
0 0.691239 0.553908 0.003561 0.007020
0 0.691372 0.853257 0.007021 0.006246
0 0.691413 0.792383 0.005579 0.006773
0 0.691431 0.283086 0.003817 0.005928
0 0.691638 0.494623 0.003243 0.006485
0 0.692377 0.549188 0.003362 0.006644
0 0.693474 0.556012 0.002728 0.005371
0 0.693861 0.252513 0.005000 0.007127
0 0.694064 0.834339 0.006261 0.006227
0 0.695201 0.651014 0.003723 0.006624
0 0.695210 0.545657 0.003075 0.006087
0 0.695679 0.843643 0.005974 0.005636
0 0.695684 0.534311 0.002875 0.005716
0 0.696554 0.836559 0.005549 0.005451
0 0.696606 0.018045 0.029844 0.005969
0 0.696668 0.300965 0.003399 0.005511
0 0.697401 0.249109 0.003937 0.005552
0 0.697417 0.798429 0.004493 0.005318
0 0.697457 0.255545 0.004575 0.006581
0 0.697736 0.652607 0.003245 0.005758
0 0.698087 0.578783 0.002933 0.005687
0 0.698119 0.239327 0.004383 0.005987
0 0.698495 0.740641 0.004352 0.006333
0 0.698575 0.507965 0.002743 0.005484
0 0.698682 0.520951 0.003291 0.006569
0 0.699169 0.527397 0.003657 0.007287
0 0.699231 0.543164 0.003390 0.006717
0 0.699532 0.411657 0.003288 0.006325
0 0.699649 0.772043 0.003965 0.005206
0 0.700476 0.279376 0.003588 0.005520
0 0.701019 0.487684 0.003438 0.006871
0 0.701139 0.826303 0.005883 0.006107
0 0.701766 0.524218 0.003373 0.006727
0 0.702489 0.508185 0.003274 0.006546
0 0.702518 0.838070 0.006364 0.006199
0 0.702712 0.492531 0.002919 0.005836
0 0.703122 0.454084 0.003692 0.007307
0 0.703149 0.786041 0.005624 0.007004
0 0.703553 0.531500 0.003337 0.006641
0 0.703625 0.437518 0.003514 0.006893
0 0.703967 0.711247 0.004412 0.006951
0 0.704274 0.656333 0.003312 0.005840
0 0.704761 0.755361 0.004874 0.006776
0 0.705608 0.917337 0.011082 0.005691
0 0.705842 0.834688 0.007257 0.007204
0 0.706136 0.870389 0.008113 0.006426
0 0.706325 0.608132 0.002921 0.005509
0 0.706400 0.250113 0.003930 0.005559
0 0.706559 0.662254 0.003773 0.006586
0 0.707097 0.105899 0.010939 0.007145
0 0.707100 0.281828 0.003927 0.006080
0 0.707396 0.736549 0.004860 0.007157
0 0.708063 0.407579 0.003399 0.006514
0 0.708558 0.896699 0.011303 0.007208
0 0.709218 0.843321 0.007263 0.006865
0 0.709933 0.943788 0.018124 0.006368
0 0.710285 0.704552 0.003630 0.005812
0 0.710759 0.830052 0.006898 0.007021
0 0.710763 0.486589 0.002694 0.005384
0 0.711497 0.687277 0.004323 0.007192
0 0.711590 0.383077 0.002893 0.005401
0 0.712188 0.574163 0.002794 0.005437
0 0.713083 0.878631 0.009339 0.006951
0 0.713198 0.451222 0.003475 0.006869
0 0.713250 0.440122 0.002796 0.005493
0 0.713294 0.379119 0.002817 0.005232
0 0.713500 0.817565 0.006445 0.006990
0 0.713970 0.348948 0.003063 0.005449
0 0.714002 0.185717 0.005143 0.005667
0 0.714430 0.507206 0.002921 0.005840
0 0.714789 0.381476 0.002976 0.005544
0 0.717222 0.423836 0.002987 0.005804
0 0.717333 0.509901 0.003157 0.006311
0 0.718047 0.550218 0.003360 0.006637
0 0.718117 0.891807 0.010513 0.007010
0 0.718143 0.556549 0.002967 0.005840
0 0.718514 0.446378 0.003139 0.006190
0 0.718672 0.374063 0.003446 0.006359
0 0.718858 0.279163 0.003927 0.006038
0 0.720836 0.866144 0.007970 0.006507
0 0.722056 0.772340 0.005495 0.007208
0 0.722348 0.402933 0.003625 0.006915
0 0.723081 0.357520 0.003608 0.006505
0 0.723106 0.898537 0.009702 0.006081
0 0.724041 0.493287 0.003011 0.006021
0 0.724334 0.708082 0.003447 0.005473
0 0.724986 0.448476 0.003443 0.006797
0 0.726171 0.599709 0.003042 0.005788
0 0.726309 0.700641 0.004268 0.006896
0 0.726681 0.545287 0.003589 0.007105
0 0.726774 0.374137 0.003730 0.006885
0 0.727083 0.826557 0.005536 0.005739
0 0.727525 0.871099 0.009256 0.007293
0 0.727526 0.736759 0.004120 0.006063
0 0.729245 0.270888 0.004832 0.007267
0 0.730533 0.412575 0.003802 0.007318
0 0.730765 0.571603 0.003468 0.006762
0 0.730806 0.579901 0.003229 0.006255
0 0.730837 0.544564 0.002667 0.005283
0 0.730851 0.795587 0.004500 0.005390
0 0.731609 0.720251 0.003684 0.005674
0 0.732496 0.497266 0.002953 0.005906
0 0.733383 0.545737 0.003265 0.006462
0 0.733542 0.566694 0.003055 0.005976
0 0.734258 0.466744 0.002714 0.005398
0 0.734510 0.676042 0.003409 0.005802
0 0.734789 0.550113 0.002992 0.005909
0 0.735089 0.489212 0.002853 0.005703
0 0.735510 0.565068 0.002698 0.005283
0 0.735847 0.496402 0.002902 0.005803
0 0.735930 0.720306 0.004275 0.006582
0 0.735959 0.003872 0.028470 0.005694
0 0.736376 0.850937 0.005835 0.005267
0 0.737453 0.723700 0.003425 0.005228
0 0.737738 0.756238 0.003952 0.005479
0 0.738391 0.701824 0.003471 0.005592
0 0.739559 0.674411 0.004101 0.007001
0 0.739780 0.548700 0.003026 0.005981
0 0.740106 0.709248 0.003655 0.005786
0 0.740422 0.751308 0.004899 0.006900
0 0.740556 0.730659 0.004418 0.006616
0 0.740963 0.513401 0.003502 0.006998
0 0.741656 0.324318 0.003707 0.006313
0 0.742120 0.460761 0.003600 0.007145
0 0.742206 0.551793 0.002816 0.005558
0 0.742317 0.331882 0.003356 0.005797
0 0.742509 0.756561 0.004809 0.006660
0 0.742756 0.522297 0.003147 0.006278
0 0.743279 0.763156 0.004964 0.006724
0 0.743379 0.628223 0.003910 0.007194
0 0.743894 0.537266 0.003295 0.006545
0 0.744996 0.833083 0.006627 0.006636
0 0.745866 0.745034 0.004796 0.006888
0 0.745917 0.068751 0.013560 0.005812
0 0.746265 0.821797 0.005262 0.005588
0 0.746434 0.605488 0.002847 0.005384
0 0.746479 0.372567 0.003212 0.005915
0 0.746579 0.681429 0.003239 0.005453
0 0.746622 0.868764 0.008683 0.006959
0 0.747312 0.198806 0.004904 0.005735
0 0.747939 0.116323 0.009210 0.006582
0 0.748619 0.644901 0.003145 0.005650
0 0.749496 0.664142 0.003279 0.005705
0 0.749879 0.747604 0.003937 0.005610
0 0.750504 0.658413 0.003261 0.005731
0 0.751587 0.688347 0.004259 0.007069
0 0.751812 0.509924 0.003097 0.006191
0 0.752344 0.845582 0.005799 0.005408
0 0.752758 0.385569 0.003388 0.006343
0 0.752815 0.208136 0.005317 0.006468
0 0.753416 0.729229 0.004806 0.007225
0 0.754358 0.568941 0.002818 0.005504
0 0.755597 0.463434 0.003118 0.006195
0 0.755834 0.577876 0.002794 0.005421
0 0.756163 0.649379 0.003805 0.006788
0 0.756991 0.658968 0.003986 0.006998
0 0.757359 0.832982 0.007144 0.007157
0 0.758254 0.556265 0.003519 0.006928
0 0.758774 0.783908 0.004591 0.005765
0 0.759775 0.445857 0.002914 0.005744
0 0.761200 0.658826 0.002961 0.005200
0 0.761569 0.114348 0.008129 0.005716
0 0.763096 0.714071 0.003369 0.005271
0 0.763549 0.545614 0.003643 0.007211
0 0.764106 0.805609 0.005894 0.006760
0 0.764450 0.419934 0.002752 0.005331
0 0.766020 0.434429 0.002755 0.005393
0 0.766252 0.455264 0.003529 0.006989
0 0.766992 0.088864 0.011512 0.006345
0 0.767126 0.577672 0.002853 0.005536
0 0.767674 0.703256 0.003820 0.006134
0 0.767884 0.624871 0.003739 0.006910
0 0.769480 0.638205 0.003611 0.006552
0 0.769553 0.630915 0.003141 0.005758
0 0.770002 0.531826 0.003412 0.006790
0 0.770343 0.484871 0.002659 0.005312
0 0.771217 0.588281 0.002726 0.005244
0 0.771530 0.824163 0.006481 0.006801
0 0.771768 0.427478 0.002771 0.005400
0 0.772236 0.503106 0.002816 0.005632
0 0.772442 0.034367 0.026085 0.005622
0 0.772769 0.585012 0.003775 0.007281
0 0.772828 0.438734 0.003356 0.006588
0 0.773275 0.038109 0.022112 0.005282
0 0.773420 0.385947 0.002850 0.005338
0 0.773645 0.449808 0.002631 0.005197
0 0.774621 0.648536 0.003562 0.006363
0 0.775164 0.630206 0.003065 0.005624
0 0.775892 0.653959 0.002952 0.005227
0 0.775905 0.490671 0.002875 0.005747
0 0.775913 0.438886 0.003409 0.006692
0 0.776011 0.801021 0.004933 0.005773
0 0.777906 0.541053 0.003416 0.006776
0 0.777913 0.784991 0.004446 0.005560
0 0.778333 0.463327 0.002620 0.005205
0 0.778386 0.596127 0.002732 0.005216
0 0.779079 0.565432 0.003633 0.007114
0 0.779214 0.461413 0.002629 0.005220
0 0.779907 0.496030 0.003163 0.006325
0 0.779972 0.588371 0.002886 0.005550
0 0.780033 0.638865 0.003577 0.006485
0 0.780252 0.604052 0.002774 0.005255
0 0.780374 0.802016 0.004639 0.005406
0 0.780440 0.456965 0.003090 0.006124
0 0.780690 0.448479 0.003125 0.006168
0 0.781823 0.807778 0.005940 0.006746
0 0.781868 0.694868 0.004073 0.006667
0 0.782419 0.589083 0.003303 0.006349
0 0.782438 0.797557 0.005126 0.006090
0 0.782444 0.125054 0.009109 0.006975
0 0.782584 0.503443 0.003168 0.006335
0 0.783010 0.555576 0.003549 0.006990
0 0.783326 0.668609 0.003207 0.005535
0 0.783663 0.598616 0.003737 0.007118
0 0.784037 0.687388 0.004042 0.006723
0 0.784234 0.568912 0.002688 0.005251
0 0.785811 0.625216 0.003521 0.006505
0 0.785968 0.375373 0.002943 0.005440
0 0.786153 0.639802 0.002967 0.005371
0 0.786375 0.764876 0.003874 0.005217
0 0.787167 0.087186 0.010292 0.005568
0 0.788931 0.806993 0.005603 0.006386
0 0.789267 0.766187 0.004818 0.006458
0 0.789361 0.537520 0.003289 0.006533
0 0.790371 0.340957 0.003449 0.006054
0 0.790715 0.640254 0.003323 0.006011
0 0.791083 0.058504 0.014854 0.005429
0 0.791129 0.659498 0.003894 0.006831
0 0.791321 0.355726 0.003863 0.006946
0 0.791414 0.259645 0.004236 0.006169
0 0.791428 0.491857 0.002946 0.005890
0 0.791911 0.266917 0.004247 0.006317
0 0.792406 0.488556 0.002688 0.005373
0 0.792408 0.475773 0.002732 0.005448
0 0.792947 0.377438 0.003900 0.007228
0 0.793377 0.779616 0.005418 0.006917
0 0.793676 0.438066 0.003013 0.005912
0 0.793806 0.467533 0.003469 0.006902
0 0.793988 0.442942 0.002763 0.005437
0 0.795071 0.476150 0.003591 0.007161
0 0.795433 0.352271 0.003599 0.006436
0 0.796752 0.497706 0.003517 0.007034
0 0.796861 0.892713 0.009270 0.006131
0 0.797045 0.819753 0.006015 0.006454
0 0.797415 0.379354 0.002909 0.005406
0 0.797795 0.504552 0.003371 0.006741
0 0.798650 0.527889 0.003083 0.006142
0 0.799709 0.478949 0.003355 0.006695
0 0.799743 0.499297 0.003592 0.007184
0 0.800635 0.399751 0.002880 0.005476
0 0.801085 0.516122 0.003343 0.006678
0 0.801274 0.249341 0.004219 0.005955
0 0.801698 0.823981 0.006667 0.007003
0 0.802985 0.617189 0.003084 0.005754
0 0.803127 0.550405 0.003366 0.006648
0 0.803308 0.271963 0.004712 0.007107
0 0.805389 0.084750 0.010608 0.005582
0 0.806352 0.281761 0.004481 0.006936
0 0.806594 0.790227 0.004824 0.005907
0 0.806613 0.804897 0.004600 0.005293
0 0.806715 0.827634 0.006159 0.006349
0 0.807141 0.144905 0.006100 0.005364
0 0.807644 0.793844 0.004843 0.005844
0 0.808031 0.459432 0.002630 0.005217
0 0.808563 0.628517 0.002994 0.005507
0 0.808563 0.553314 0.003607 0.007114
0 0.809259 0.699094 0.003824 0.006199
0 0.809330 0.753707 0.004732 0.006614
0 0.809392 0.373304 0.003366 0.006205
0 0.809518 0.817154 0.005102 0.005544
0 0.809957 0.551365 0.002721 0.005372
0 0.810027 0.342068 0.003424 0.006023
0 0.811216 0.463253 0.003339 0.006634
0 0.811505 0.530453 0.002949 0.005871
0 0.811750 0.080409 0.012458 0.006228
0 0.811848 0.675922 0.003965 0.006749
0 0.812020 0.820829 0.005397 0.005760
0 0.812101 0.364733 0.003116 0.005677
0 0.812482 0.612044 0.003138 0.005891
0 0.812957 0.491635 0.002923 0.005843
0 0.813087 0.603671 0.003273 0.006202
0 0.813213 0.322976 0.003386 0.005751
0 0.813854 0.354421 0.003464 0.006216
0 0.814992 0.738651 0.003968 0.005807
0 0.815621 0.751617 0.004763 0.006701
0 0.816272 0.654236 0.003492 0.006180
0 0.816444 0.502697 0.002820 0.005639
0 0.817250 0.366998 0.003493 0.006385
0 0.818100 0.724901 0.003859 0.005870
0 0.818800 0.532766 0.002870 0.005711
0 0.819182 0.406377 0.003308 0.006332
0 0.819491 0.455699 0.003165 0.006270
0 0.819674 0.720455 0.004048 0.006231
0 0.819783 0.255035 0.003914 0.005622
0 0.820071 0.625244 0.002908 0.005371
0 0.820585 0.735181 0.004292 0.006345
0 0.821126 0.507927 0.002882 0.005763
0 0.821722 0.712322 0.004593 0.007218
0 0.821804 0.499167 0.002836 0.005672
0 0.822355 0.467334 0.002941 0.005850
0 0.824179 0.431883 0.002844 0.005559
0 0.824443 0.300839 0.003538 0.005736
0 0.824711 0.297357 0.003441 0.005534
0 0.825429 0.361817 0.003588 0.006511
0 0.825489 0.723267 0.004047 0.006183
0 0.826196 0.347120 0.003548 0.006293
0 0.826365 0.368818 0.003028 0.005550
0 0.826481 0.629473 0.002987 0.005487
0 0.827251 0.705884 0.003861 0.006162
0 0.827639 0.251785 0.004656 0.006622
0 0.828082 0.406995 0.003451 0.006609
0 0.829372 0.398551 0.003025 0.005746
0 0.829770 0.495136 0.002881 0.005762
0 0.829786 0.257224 0.004179 0.006043
0 0.830250 0.354246 0.003224 0.005784
0 0.830534 0.847068 0.006090 0.005629
0 0.831055 0.523483 0.003545 0.007071
0 0.831242 0.336344 0.003583 0.006239
0 0.831448 0.226016 0.004326 0.005639
0 0.832097 0.350923 0.003912 0.006981
0 0.832149 0.532869 0.002774 0.005519
0 0.832972 0.081423 0.010262 0.005193
0 0.834072 0.156060 0.005750 0.005415
0 0.834110 0.638012 0.003092 0.005611
0 0.834586 0.700818 0.003579 0.005781
0 0.835819 0.815425 0.006535 0.007161
0 0.836246 0.827002 0.005177 0.005354
0 0.837806 0.054094 0.016305 0.005515
0 0.838041 0.211098 0.004665 0.005744
0 0.838150 0.148561 0.007340 0.006605
0 0.840334 0.748766 0.004403 0.006251
0 0.840484 0.415852 0.002915 0.005628
0 0.840859 0.286014 0.003740 0.005853
0 0.840962 0.226543 0.004400 0.005747
0 0.841593 0.717576 0.003601 0.005583
0 0.841770 0.714779 0.003941 0.006155
0 0.841833 0.070577 0.015995 0.007035
0 0.841897 0.593128 0.003579 0.006855
0 0.842014 0.410203 0.003138 0.006027
0 0.842280 0.473163 0.002909 0.005797
0 0.842443 0.395564 0.003303 0.006253
0 0.845786 0.686187 0.003740 0.006236
0 0.846064 0.557185 0.002794 0.005497
0 0.846432 0.484019 0.003620 0.007232
0 0.846498 0.246540 0.004329 0.006056
0 0.846652 0.349247 0.003981 0.007086
0 0.846679 0.336452 0.003537 0.006161
0 0.847933 0.474103 0.003421 0.006819
0 0.848474 0.274893 0.003411 0.005186
0 0.848516 0.783438 0.004679 0.005887
0 0.848653 0.231503 0.004135 0.005499
0 0.848849 0.320834 0.003899 0.006595
0 0.849136 0.398666 0.003082 0.005854
0 0.849646 0.538947 0.003532 0.007012
0 0.849876 0.416232 0.003650 0.007049
0 0.851179 0.277728 0.003463 0.005306
0 0.851528 0.367806 0.003432 0.006280
0 0.851744 0.711363 0.003804 0.005992
0 0.851915 0.341059 0.003372 0.005920
0 0.852084 0.672029 0.003306 0.005670
0 0.853264 0.193259 0.005960 0.006801
0 0.853323 0.550027 0.002980 0.005886
0 0.854262 0.416252 0.003709 0.007162
0 0.855290 0.347029 0.003314 0.005877
0 0.855423 0.752902 0.004091 0.005733
0 0.855586 0.845938 0.005708 0.005312
0 0.856259 0.283591 0.004114 0.006399
0 0.856267 0.266659 0.004187 0.006222
0 0.856306 0.867587 0.008261 0.006676
0 0.856346 0.218493 0.004450 0.005641
0 0.856748 0.681074 0.003443 0.005802
0 0.857148 0.447269 0.003419 0.006744
0 0.857374 0.425499 0.003286 0.006394
0 0.857553 0.658677 0.004103 0.007208
0 0.858220 0.188960 0.005107 0.005713
0 0.858610 0.789409 0.005566 0.006839
0 0.858911 0.549128 0.002893 0.005717
0 0.860053 0.683543 0.004289 0.007192
0 0.860102 0.581290 0.002815 0.005447
0 0.860214 0.571277 0.003668 0.007153
0 0.860443 0.483777 0.003616 0.007223
0 0.861671 0.584342 0.002727 0.005265
0 0.862871 0.538991 0.002617 0.005195
0 0.863668 0.570020 0.002915 0.005690
0 0.863862 0.596402 0.003172 0.006056
0 0.863941 0.575806 0.002838 0.005516
0 0.864251 0.554637 0.003409 0.006718
0 0.864436 0.483670 0.002964 0.005921
0 0.864856 0.686068 0.003575 0.005963
0 0.865132 0.272317 0.003703 0.005591
0 0.865416 0.528612 0.002745 0.005469
0 0.865509 0.307877 0.003405 0.005607
0 0.865876 0.512652 0.002919 0.005834
0 0.865959 0.466221 0.003308 0.006579
0 0.866163 0.585387 0.003626 0.006993
0 0.866525 0.525521 0.002924 0.005828
0 0.867611 0.579984 0.002921 0.005658
0 0.868212 0.532404 0.003077 0.006121
0 0.868411 0.599163 0.003298 0.006278
0 0.868759 0.509959 0.003568 0.007133
0 0.869107 0.634762 0.002987 0.005447
0 0.869190 0.350008 0.003921 0.006988
0 0.869550 0.255909 0.005037 0.007254
0 0.869803 0.497734 0.003227 0.006454
0 0.871052 0.232643 0.005360 0.007155
0 0.871444 0.720399 0.004544 0.006995
0 0.872017 0.383210 0.003829 0.007149
0 0.872156 0.635319 0.003246 0.005915
0 0.872635 0.670416 0.003173 0.005458
0 0.872645 0.315744 0.004216 0.007058
0 0.872659 0.446863 0.002821 0.005564
0 0.873416 0.568150 0.003584 0.007005
0 0.873417 0.176239 0.006784 0.007135
0 0.873839 0.762592 0.004260 0.005782
0 0.873921 0.529518 0.003297 0.006566
0 0.874297 0.429419 0.002752 0.005368
0 0.874602 0.235092 0.003877 0.005221
0 0.875146 0.628881 0.003694 0.006791
0 0.875294 0.589874 0.003241 0.006225
0 0.875396 0.394612 0.003149 0.005957
0 0.876861 0.077934 0.010967 0.005317
0 0.877152 0.437147 0.002921 0.005728
0 0.877176 0.556007 0.002737 0.005389
0 0.877416 0.594045 0.003369 0.006447
0 0.878956 0.604032 0.003146 0.005959
0 0.879556 0.131089 0.007510 0.006012
0 0.879588 0.588479 0.003686 0.007088
0 0.881257 0.585335 0.003255 0.006277
0 0.881427 0.325542 0.003615 0.006171
0 0.882619 0.510184 0.003663 0.007323
0 0.883359 0.288571 0.003376 0.005316
0 0.883789 0.614003 0.003118 0.005840
0 0.884298 0.222082 0.004993 0.006416
0 0.885633 0.588146 0.002770 0.005328
0 0.885916 0.642518 0.003713 0.006694
0 0.886221 0.204216 0.005521 0.006609
0 0.886758 0.560492 0.003345 0.006570
0 0.886895 0.783302 0.005444 0.006853
0 0.887742 0.680611 0.003329 0.005614
0 0.888322 0.487035 0.002606 0.005207
0 0.889234 0.210244 0.004936 0.006057
0 0.889399 0.241466 0.004209 0.005791
0 0.889839 0.277114 0.003682 0.005631
0 0.890362 0.604417 0.003756 0.007111
0 0.891750 0.549904 0.002649 0.005233
0 0.891861 0.069341 0.015558 0.006725
0 0.893799 0.273482 0.004272 0.006471
0 0.894735 0.513787 0.003237 0.006468
0 0.894801 0.185354 0.004907 0.005397
0 0.895529 0.455613 0.002639 0.005227
0 0.898056 0.123942 0.006894 0.005234
0 0.898453 0.599571 0.002806 0.005339
0 0.899007 0.582092 0.002953 0.005710
0 0.899587 0.343373 0.003276 0.005774
0 0.899747 0.707052 0.004300 0.006844
0 0.900251 0.196043 0.004667 0.005393
0 0.900447 0.156939 0.006564 0.006214
0 0.900491 0.189191 0.006242 0.006991
0 0.901053 0.206235 0.005131 0.006193
0 0.901071 0.673228 0.004176 0.007146
0 0.902100 0.481461 0.003547 0.007082
0 0.902500 0.198716 0.004879 0.005703
0 0.902820 0.282182 0.003368 0.005219
0 0.903140 0.404102 0.002937 0.005609
0 0.903663 0.564898 0.003497 0.006849
0 0.905406 0.750967 0.003810 0.005372
0 0.905756 0.218748 0.004587 0.005820
0 0.909070 0.520391 0.002980 0.005948
0 0.909316 0.526757 0.002981 0.005941
0 0.909358 0.423786 0.002863 0.005563
0 0.910478 0.199474 0.005182 0.006078
0 0.910581 0.547702 0.003404 0.006732
0 0.910759 0.541158 0.003180 0.006306
0 0.911325 0.784865 0.004990 0.006244
0 0.911508 0.508939 0.003635 0.007267
0 0.911722 0.127188 0.006705 0.005217
0 0.912042 0.394252 0.003317 0.006270
0 0.913333 0.963558 0.025049 0.005723
0 0.913851 0.713574 0.003557 0.005571
0 0.915537 0.585077 0.002787 0.005376
0 0.915959 0.684017 0.003360 0.005628
0 0.916187 0.559903 0.003150 0.006190
0 0.916664 0.270915 0.004784 0.007195
0 0.916772 0.696019 0.003681 0.006010
0 0.917403 0.594576 0.003830 0.007324
0 0.917586 0.341374 0.003074 0.005400
0 0.918253 0.196131 0.005236 0.006052
0 0.919453 0.410089 0.002886 0.005543
0 0.919753 0.653550 0.003844 0.006811
0 0.920083 0.973085 0.033676 0.006735
0 0.920783 0.388311 0.002977 0.005591
0 0.922790 0.417706 0.002776 0.005367
0 0.922978 0.696187 0.003380 0.005516
0 0.923300 0.501540 0.002709 0.005418
0 0.923621 0.396161 0.003368 0.006380
0 0.923797 0.763371 0.005301 0.007175
0 0.924825 0.848816 0.007528 0.006885
0 0.925056 0.097431 0.010594 0.006384
0 0.925226 0.388522 0.002832 0.005321
0 0.925361 0.134629 0.008695 0.007138
0 0.926906 0.707976 0.004029 0.006399
0 0.927019 0.782463 0.004570 0.005771
0 0.928620 0.524399 0.002645 0.005275
0 0.928886 0.300484 0.003413 0.005529
0 0.929314 0.623526 0.003148 0.005827
0 0.932207 0.197012 0.005900 0.006846
0 0.932559 0.452457 0.003217 0.006363
0 0.933448 0.487478 0.003200 0.006396
0 0.934528 0.815907 0.005333 0.005831
0 0.934825 0.647984 0.003806 0.006804
0 0.935185 0.544707 0.003458 0.006848
0 0.935278 0.132537 0.007218 0.005838
0 0.935823 0.739694 0.004796 0.006999
0 0.936509 0.637919 0.003782 0.006865
0 0.937760 0.733278 0.003689 0.005484
0 0.938017 0.338361 0.003393 0.005929
0 0.938794 0.562216 0.002824 0.005541
0 0.939041 0.569238 0.002724 0.005319
0 0.939264 0.625745 0.003924 0.007244
0 0.939278 0.427533 0.002664 0.005190
0 0.939578 0.317122 0.003281 0.005508
0 0.939957 0.579839 0.003235 0.006267
0 0.940743 0.702424 0.003922 0.006310
0 0.941201 0.753173 0.004614 0.006460
0 0.941866 0.485493 0.002671 0.005337
0 0.942238 0.698274 0.003274 0.005317
0 0.942313 0.729581 0.003747 0.005628
0 0.942358 0.186028 0.005245 0.005788
0 0.942507 0.768504 0.004293 0.005708
0 0.942949 0.496998 0.003179 0.006357
0 0.943297 0.409193 0.003648 0.007000
0 0.943589 0.319189 0.003901 0.006576
0 0.943999 0.400878 0.003374 0.006423
0 0.944182 0.425846 0.003224 0.006274
0 0.945003 0.643136 0.004031 0.007261
0 0.945398 0.759181 0.005117 0.007025
0 0.945484 0.484993 0.003548 0.007088
0 0.945664 0.469079 0.003448 0.006864
0 0.946014 0.289939 0.004408 0.006965
0 0.946083 0.873084 0.007692 0.005973
0 0.946504 0.802613 0.005010 0.005823
0 0.946767 0.748139 0.005128 0.007294
0 0.947330 0.492231 0.003299 0.006597
0 0.947396 0.629573 0.003011 0.005531
0 0.947788 0.279387 0.004510 0.006939
0 0.948056 0.032157 0.026352 0.005315
0 0.949073 0.849021 0.005779 0.005279
0 0.949129 0.449384 0.002853 0.005634
0 0.949208 0.601150 0.003674 0.006981
0 0.949333 0.318808 0.003524 0.005936
0 0.949475 0.410829 0.003346 0.006431
0 0.949790 0.619545 0.003500 0.006512
0 0.951591 0.744392 0.004427 0.006370
0 0.951607 0.307540 0.003977 0.006544
0 0.951917 0.929136 0.015338 0.006773
0 0.952214 0.511584 0.002867 0.005729
0 0.953444 0.110198 0.008256 0.005603
0 0.953491 0.806381 0.004979 0.005690
0 0.953509 0.556779 0.003315 0.006525
0 0.953587 0.644611 0.003636 0.006534
0 0.954440 0.600902 0.002885 0.005483
0 0.955369 0.335176 0.003702 0.006433
0 0.956401 0.799571 0.005436 0.006402
0 0.956960 0.612476 0.003762 0.007060
0 0.958163 0.292372 0.003585 0.005697
0 0.958457 0.616659 0.003596 0.006715
0 0.959392 0.583576 0.003624 0.007000
0 0.960111 0.972186 0.028818 0.005764
0 0.960376 0.304339 0.003929 0.006420
0 0.960452 0.298432 0.004009 0.006464
0 0.960746 0.265377 0.003881 0.005747
0 0.962030 0.475563 0.002618 0.005220
0 0.962117 0.580576 0.003329 0.006445
0 0.964036 0.390965 0.003132 0.005899
0 0.965409 0.588251 0.002745 0.005281
0 0.965689 0.457431 0.003116 0.006177
0 0.966788 0.483048 0.003257 0.006506
0 0.969441 0.122368 0.007151 0.005364
0 0.970912 0.469068 0.003361 0.006690
0 0.971152 0.773743 0.004267 0.005568
0 0.971241 0.497115 0.003003 0.006005
0 0.971888 0.484552 0.003075 0.006143
0 0.972329 0.557608 0.002871 0.005647
0 0.972951 0.301022 0.003338 0.005413
0 0.973970 0.465269 0.002702 0.005372
0 0.974764 0.483986 0.002826 0.005644
0 0.974847 0.304868 0.003695 0.006045
0 0.974967 0.480263 0.002972 0.005933
0 0.976463 0.508364 0.002780 0.005557
0 0.976471 0.616539 0.003872 0.007230
0 0.977912 0.721757 0.003836 0.005885
0 0.979000 0.874796 0.006789 0.005204
0 0.979298 0.530410 0.002788 0.005551
0 0.979381 0.511344 0.003076 0.006149
0 0.980381 0.566226 0.003068 0.006003
0 0.980972 0.869067 0.007145 0.005713
0 0.981106 0.582759 0.003025 0.005846
0 0.981200 0.218759 0.004406 0.005591
0 0.981662 0.612249 0.003742 0.007023
0 0.981775 0.308576 0.004000 0.006597
0 0.982574 0.194690 0.005379 0.006177
0 0.983434 0.499198 0.002923 0.005847
0 0.984176 0.856961 0.008269 0.007184
0 0.984876 0.554826 0.002642 0.005207
0 0.985745 0.465526 0.002677 0.005322
0 0.986635 0.273698 0.004066 0.006162
0 0.986739 0.842928 0.005608 0.005313
0 0.986838 0.179533 0.005525 0.005907
0 0.986861 0.542733 0.003606 0.007147
0 0.987099 0.779663 0.004886 0.006237
0 0.987207 0.316877 0.003900 0.006544
0 0.987306 0.892606 0.008682 0.005748
0 0.987341 0.325144 0.004073 0.006948
0 0.988062 0.259816 0.004156 0.006056
0 0.990764 0.406732 0.003252 0.006226
0 0.990772 0.441973 0.002873 0.005651
0 0.991022 0.624748 0.003503 0.006475
0 0.991511 0.668096 0.003433 0.005930
0 0.993319 0.152868 0.006720 0.006210
0 0.993549 0.312861 0.003399 0.005657
0 0.993746 0.242599 0.003937 0.005436
0 0.993920 0.137472 0.007006 0.005865
0 0.993999 0.843563 0.006202 0.005854
0 0.994111 0.765672 0.004218 0.005665
0 0.994438 0.514739 0.002961 0.005916
0 0.994444 0.217697 0.004872 0.006156
0 0.994579 0.636391 0.003115 0.005668
0 0.994990 0.143839 0.008010 0.006996
0 0.995098 0.563591 0.003219 0.006310
0 0.996591 0.507168 0.002873 0.005745
0 0.996639 0.129554 0.007212 0.005710
0 0.996873 0.569196 0.003361 0.006564
0 0.996953 0.594734 0.003402 0.006504
0 0.997290 0.556961 0.002658 0.005232
0 0.997516 0.461044 0.002685 0.005330
0 0.998083 0.610214 0.003298 0.006205
0 0.998752 0.557759 0.003550 0.006984
0 0.998876 0.426286 0.002825 0.005499
0 0.998940 0.301672 0.004191 0.006807
0 0.999000 0.677349 0.004200 0.007129
0 0.999000 0.238138 0.005272 0.007173
